0 0.6484375 0.4760820045558087 0.01171875 0.022779043280182234
0 0.6609375 0.4646924829157175 0.015625 0.02050113895216401
0 0.6296875 0.4863325740318907 0.0140625 0.02164009111617312
0 0.63359375 0.4635535307517084 0.01328125 0.018223234624145785
0 0.64609375 0.4533029612756264 0.01328125 0.018223234624145785
0 0.66015625 0.4430523917995444 0.01484375 0.0193621867881549
0 0.66328125 0.39635535307517084 0.0171875 0.02164009111617312
0 0.6453125 0.4316628701594533 0.01484375 0.022779043280182234
0 0.659375 0.417995444191344 0.01484375 0.018223234624145785
0 0.6453125 0.40774487471526194 0.01328125 0.0193621867881549
0 0.6125 0.4988610478359909 0.01484375 0.02050113895216401
0 0.615625 0.4760820045558087 0.0140625 0.02050113895216401
0 0.64375 0.4977220956719818 0.01171875 0.018223234624145785
0 0.6734375 0.5022779043280182 0.01484375 0.02164009111617312
0 0.67109375 0.5501138952164009 0.01328125 0.018223234624145785
0 0.65859375 0.5341685649202733 0.0171875 0.02164009111617312
0 0.62890625 0.510250569476082 0.01328125 0.017084282460136675
0 0.69296875 0.46924829157175396 0.01796875 0.023917995444191344
0 0.6890625 0.44533029612756264 0.0140625 0.02050113895216401
0 0.7046875 0.49430523917995445 0.015625 0.02050113895216401
0 0.70078125 0.5296127562642369 0.01171875 0.02164009111617312
0 0.6875 0.5159453302961275 0.01484375 0.015945330296127564
0 0.68828125 0.49316628701594534 0.01484375 0.0193621867881549
0 0.6734375 0.42596810933940776 0.0125 0.0193621867881549
0 0.61953125 0.4521640091116173 0.01484375 0.0193621867881549
0 0.64140625 0.5455580865603644 0.0140625 0.018223234624145785
0 0.5890625 0.5250569476082004 0.0125 0.018223234624145785
0 0.5953125 0.48405466970387245 0.01328125 0.02050113895216401
0 0.60625 0.5273348519362187 0.01796875 0.0193621867881549
0 0.578125 0.5444191343963554 0.0140625 0.017084282460136675
0 0.56328125 0.49316628701594534 0.0203125 0.02847380410022779
0 0.5921875 0.438496583143508 0.01171875 0.018223234624145785
0 0.61015625 0.42596810933940776 0.02109375 0.029612756264236904
0 0.64765625 0.38496583143507973 0.015625 0.02050113895216401
0 0.73046875 0.5364464692482915 0.01484375 0.02164009111617312
0 0.546875 0.4806378132118451 0.0140625 0.02050113895216401
0 0.5734375 0.4145785876993166 0.01640625 0.025056947608200455
0 0.53671875 0.43507972665148065 0.0140625 0.02050113895216401
0 0.50703125 0.44760820045558086 0.0171875 0.025056947608200455
0 0.49609375 0.48405466970387245 0.01171875 0.018223234624145785
0 0.51328125 0.5250569476082004 0.01484375 0.02733485193621868
0 0.49765625 0.5603644646924829 0.0140625 0.023917995444191344
0 0.4671875 0.5820045558086561 0.015625 0.022779043280182234
0 0.5015625 0.6127562642369021 0.01328125 0.022779043280182234
0 0.57109375 0.5774487471526196 0.01328125 0.022779043280182234
0 0.61171875 0.5968109339407744 0.0203125 0.025056947608200455
0 0.559375 0.6161731207289294 0.0125 0.015945330296127564
0 0.54375 0.5398633257403189 0.01796875 0.02619589977220957
0 0.53125 0.3952164009111617 0.015625 0.022779043280182234
0 0.4953125 0.38496583143507973 0.0140625 0.02050113895216401