0 0.39453125 0.44533029612756264 0.01328125 0.018223234624145785
0 0.38125 0.45558086560364464 0.01484375 0.0193621867881549
0 0.3796875 0.4783599088838269 0.01484375 0.0193621867881549
0 0.41796875 0.4886104783599089 0.01328125 0.02050113895216401
0 0.4171875 0.46810933940774485 0.0140625 0.017084282460136675
0 0.4375 0.4145785876993166 0.01875 0.029612756264236904
0 0.446875 0.44419134396355353 0.01640625 0.025056947608200455
0 0.4734375 0.47380410022779046 0.01875 0.02733485193621868
0 0.40546875 0.4988610478359909 0.0140625 0.0193621867881549
0 0.40703125 0.43621867881548976 0.01328125 0.018223234624145785
0 0.4046875 0.479498861047836 0.01484375 0.02050113895216401
0 0.40546875 0.45899772209567197 0.01328125 0.0193621867881549
0 0.39296875 0.46810933940774485 0.0140625 0.0193621867881549
0 0.43046875 0.4396355353075171 0.0140625 0.022779043280182234
0 0.4171875 0.4498861047835991 0.01640625 0.02164009111617312
0 0.4453125 0.5227790432801822 0.01484375 0.022779043280182234
0 0.44375 0.5876993166287016 0.01640625 0.025056947608200455
0 0.43359375 0.5649202733485194 0.01640625 0.025056947608200455
0 0.4671875 0.5523917995444191 0.0140625 0.022779043280182234
0 0.4921875 0.5558086560364465 0.01484375 0.0193621867881549
0 0.478125 0.5637813211845103 0.0171875 0.0193621867881549
0 0.4671875 0.5728929384965832 0.0125 0.017084282460136675
0 0.45234375 0.5649202733485194 0.01875 0.02619589977220957
0 0.4640625 0.520501138952164 0.01875 0.023917995444191344
0 0.51171875 0.4806378132118451 0.01328125 0.0193621867881549
0 0.53203125 0.4202733485193622 0.01484375 0.02050113895216401
0 0.5046875 0.4054669703872437 0.01484375 0.0193621867881549
0 0.4875 0.37471526195899774 0.01484375 0.02164009111617312
0 0.43046875 0.3621867881548975 0.0234375 0.03416856492027335
0 0.45390625 0.36446469248291574 0.01484375 0.02164009111617312
0 0.4328125 0.3314350797266515 0.01484375 0.022779043280182234
0 0.4625 0.3451025056947608 0.0171875 0.023917995444191344
0 0.446875 0.3439635535307517 0.0171875 0.023917995444191344
0 0.58671875 0.30751708428246016 0.01953125 0.02847380410022779
0 0.60859375 0.3735763097949886 0.01953125 0.02733485193621868
0 0.55 0.38610478359908884 0.01640625 0.022779043280182234
0 0.5125 0.38496583143507973 0.0140625 0.0193621867881549
0 0.4609375 0.38610478359908884 0.015625 0.02164009111617312
0 0.39375 0.36332574031890663 0.01796875 0.02619589977220957
0 0.40703125 0.32574031890660593 0.01171875 0.017084282460136675
0 0.440625 0.3086560364464693 0.0171875 0.023917995444191344
0 0.42109375 0.31890660592255127 0.0125 0.017084282460136675
0 0.45390625 0.3211845102505695 0.0171875 0.025056947608200455
0 0.40703125 0.34738041002277903 0.0140625 0.0193621867881549
0 0.478125 0.44533029612756264 0.01328125 0.022779043280182234
0 0.46953125 0.42596810933940776 0.01640625 0.018223234624145785
0 0.484375 0.39635535307517084 0.01328125 0.0193621867881549
0 0.50234375 0.42596810933940776 0.0125 0.017084282460136675
0 0.52109375 0.4407744874715262 0.0140625 0.02050113895216401
0 0.5078125 0.44419134396355353 0.01171875 0.018223234624145785