0 0.2609375 0.9168564920273349 0.03515625 0.05125284738041002
0 0.47421875 0.8325740318906606 0.01875 0.030751708428246014
0 0.56875 0.6537585421412301 0.01484375 0.022779043280182234
0 0.54453125 0.4988610478359909 0.01640625 0.022779043280182234
0 0.6015625 0.49544419134396356 0.02109375 0.029612756264236904
0 0.58984375 0.3621867881548975 0.0171875 0.02619589977220957
0 0.51953125 0.17425968109339407 0.01953125 0.02619589977220957
0 0.48359375 0.03644646924829157 0.01640625 0.02733485193621868
0 0.590625 0.017084282460136675 0.015625 0.022779043280182234
0 0.49375 0.11389521640091116 0.01953125 0.02733485193621868
0 0.43046875 0.17539863325740318 0.0171875 0.022779043280182234
0 0.4453125 0.26651480637813213 0.01640625 0.022779043280182234
0 0.46640625 0.3553530751708428 0.02109375 0.02847380410022779
0 0.41484375 0.5740318906605922 0.0203125 0.02619589977220957
0 0.43359375 0.7038724373576309 0.01953125 0.02847380410022779
0 0.4765625 0.989749430523918 0.01484375 0.02050113895216401
0 0.5921875 0.9863325740318907 0.01640625 0.023917995444191344
0 0.6234375 0.7539863325740319 0.0171875 0.02733485193621868
0 0.81484375 0.3451025056947608 0.01640625 0.022779043280182234
0 0.82421875 0.4521640091116173 0.01875 0.02619589977220957
0 0.84296875 0.5580865603644647 0.0203125 0.03189066059225513
0 0.8640625 0.7164009111617312 0.0234375 0.03302961275626424
0 0.84375 0.8302961275626424 0.01484375 0.02164009111617312
0 0.83359375 0.9658314350797267 0.01953125 0.02847380410022779
0 0.87109375 0.1252847380410023 0.0203125 0.02619589977220957
0 0.8703125 0.004555808656036446 0.0171875 0.009111617312072893
0 0.771875 0.023917995444191344 0.015625 0.023917995444191344
0 0.79375 0.17995444191343962 0.01796875 0.02164009111617312
0 0.74609375 0.28815489749430523 0.0203125 0.03189066059225513