0 0.10859375 0.929384965831435 0.015625 0.023917995444191344
0 0.11875 0.7562642369020501 0.01796875 0.02619589977220957
0 0.0890625 0.6082004555808656 0.01640625 0.02050113895216401
0 0.11171875 0.4806378132118451 0.0140625 0.022779043280182234
0 0.1015625 0.31890660592255127 0.01328125 0.02050113895216401
0 0.1125 0.21070615034168566 0.0140625 0.02164009111617312
0 0.090625 0.08769931662870159 0.01328125 0.0193621867881549
0 0.16953125 0.13895216400911162 0.01328125 0.02050113895216401
0 0.16796875 0.2357630979498861 0.01328125 0.0193621867881549
0 0.16171875 0.32687927107061504 0.0109375 0.018223234624145785
0 0.16953125 0.4407744874715262 0.01171875 0.015945330296127564
0 0.1640625 0.5865603644646925 0.01796875 0.02619589977220957
0 0.18671875 0.6560364464692483 0.01328125 0.0193621867881549
0 0.178125 0.8109339407744874 0.0125 0.018223234624145785
0 0.1734375 0.9020501138952164 0.0140625 0.02164009111617312
0 0.18828125 0.9419134396355353 0.0125 0.02164009111617312
0 0.35390625 0.8792710706150342 0.015625 0.02164009111617312
0 0.403125 0.8952164009111617 0.015625 0.022779043280182234
0 0.390625 0.9840546697038725 0.01328125 0.02050113895216401
0 0.371875 0.8200455580865603 0.015625 0.02164009111617312
0 0.38046875 0.6708428246013668 0.01171875 0.017084282460136675
0 0.36484375 0.5740318906605922 0.01796875 0.02733485193621868
0 0.37734375 0.4191343963553531 0.01171875 0.015945330296127564
0 0.37578125 0.25968109339407747 0.01484375 0.02164009111617312
0 0.38125 0.14236902050113895 0.0125 0.02164009111617312
0 0.3671875 0.014806378132118452 0.01328125 0.018223234624145785
0 0.4125 0.017084282460136675 0.01640625 0.025056947608200455
0 0.28046875 0.018223234624145785 0.0140625 0.018223234624145785
0 0.28203125 0.13211845102505695 0.015625 0.022779043280182234
0 0.2453125 0.265375854214123 0.01328125 0.02050113895216401