0 0.525 0.4886104783599089 0.0171875 0.02619589977220957
0 0.5234375 0.38838268792710706 0.0140625 0.018223234624145785
0 0.52890625 0.2608200455580866 0.0140625 0.02050113895216401
0 0.471875 0.32574031890660593 0.01640625 0.02619589977220957
0 0.46015625 0.4157175398633257 0.015625 0.023917995444191344
0 0.45234375 0.510250569476082 0.01484375 0.025056947608200455
0 0.48203125 0.6514806378132119 0.01640625 0.022779043280182234
0 0.5109375 0.7801822323462415 0.01171875 0.018223234624145785
0 0.50625 0.8826879271070615 0.01484375 0.02164009111617312
0 0.50546875 0.9635535307517085 0.0140625 0.02164009111617312
0 0.25078125 0.9328018223234624 0.0125 0.0193621867881549
0 0.25 0.8086560364464692 0.0140625 0.02164009111617312
0 0.25546875 0.7004555808656037 0.0171875 0.02619589977220957
0 0.2484375 0.6184510250569476 0.015625 0.023917995444191344
0 0.27734375 0.5615034168564921 0.0171875 0.02619589977220957
0 0.271875 0.44533029612756264 0.01875 0.030751708428246014
0 0.27109375 0.3348519362186788 0.01875 0.025056947608200455
0 0.29765625 0.2357630979498861 0.0171875 0.022779043280182234
0 0.2796875 0.12072892938496584 0.01640625 0.02619589977220957
0 0.3375 0.05922551252847381 0.015625 0.022779043280182234
0 0.0703125 0.06605922551252848 0.015625 0.02164009111617312
0 0.06484375 0.12870159453302962 0.01640625 0.02619589977220957
0 0.11953125 0.21184510250569477 0.0171875 0.02619589977220957
0 0.10625 0.25626423690205014 0.01875 0.02733485193621868
0 0.1390625 0.3929384965831435 0.0234375 0.03302961275626424
0 0.09296875 0.5022779043280182 0.015625 0.025056947608200455
0 0.08203125 0.5854214123006833 0.01640625 0.02619589977220957
0 0.0890625 0.6457858769931663 0.01875 0.02847380410022779
0 0.0859375 0.7494305239179955 0.025 0.03644646924829157
0 0.08203125 0.8553530751708428 0.015625 0.02050113895216401