0 0.49453125 0.3564920273348519 0.015625 0.02164009111617312
0 0.42421875 0.3678815489749431 0.02265625 0.030751708428246014
0 0.3515625 0.3086560364464693 0.01484375 0.02164009111617312
0 0.35234375 0.4031890660592255 0.01484375 0.02164009111617312
0 0.42421875 0.4214123006833713 0.02265625 0.030751708428246014
0 0.4734375 0.4328018223234624 0.01875 0.02733485193621868
0 0.53203125 0.4157175398633257 0.01484375 0.0193621867881549
0 0.47109375 0.48177676537585423 0.0171875 0.02733485193621868
0 0.4296875 0.5763097949886105 0.01640625 0.023917995444191344
0 0.49375 0.5649202733485194 0.01171875 0.017084282460136675
0 0.53671875 0.5444191343963554 0.0140625 0.022779043280182234
0 0.48671875 0.6070615034168565 0.0125 0.02164009111617312
0 0.42109375 0.6867881548974943 0.01328125 0.02050113895216401
0 0.4984375 0.6753986332574032 0.01484375 0.02050113895216401
0 0.57265625 0.693621867881549 0.0125 0.015945330296127564
0 0.61015625 0.623006833712984 0.0171875 0.025056947608200455
0 0.60546875 0.6867881548974943 0.01484375 0.02050113895216401
0 0.59765625 0.7232346241457859 0.0140625 0.02164009111617312
0 0.49765625 0.7289293849658315 0.01796875 0.02164009111617312
0 0.54609375 0.7528473804100227 0.01640625 0.025056947608200455
0 0.58046875 0.7870159453302962 0.01328125 0.02619589977220957
0 0.4546875 0.7630979498861048 0.01796875 0.022779043280182234
0 0.3734375 0.7300683371298405 0.01640625 0.02164009111617312
0 0.35859375 0.6366742596810934 0.01171875 0.0193621867881549
0 0.31015625 0.6298405466970387 0.015625 0.018223234624145785
0 0.3140625 0.6753986332574032 0.01015625 0.0193621867881549
0 0.32578125 0.7118451025056948 0.0140625 0.017084282460136675
0 0.328125 0.7380410022779044 0.0125 0.017084282460136675
0 0.4359375 0.12072892938496584 0.0125 0.02164009111617312
0 0.375 0.0683371298405467 0.0140625 0.02050113895216401
0 0.34765625 0.04669703872437358 0.01796875 0.02733485193621868
0 0.35625 0.10022779043280182 0.01640625 0.023917995444191344
0 0.4703125 0.05580865603644647 0.015625 0.02164009111617312
0 0.3484375 0.16514806378132119 0.01328125 0.0193621867881549
0 0.37265625 0.1776765375854214 0.01640625 0.023917995444191344
0 0.3703125 0.4988610478359909 0.01484375 0.02050113895216401
0 0.65546875 0.3678815489749431 0.0125 0.02050113895216401
0 0.7109375 0.4328018223234624 0.01328125 0.02050113895216401
0 0.6734375 0.5330296127562643 0.015625 0.022779043280182234
0 0.73125 0.5580865603644647 0.01796875 0.025056947608200455
0 0.76875 0.46697038724373574 0.01484375 0.02164009111617312
0 0.7359375 0.30296127562642367 0.01171875 0.022779043280182234
0 0.659375 0.2072892938496583 0.0171875 0.0193621867881549
0 0.60625 0.3086560364464693 0.01953125 0.02847380410022779
0 0.6109375 0.4271070615034169 0.015625 0.02164009111617312
0 0.23125 0.4510250569476082 0.01796875 0.023917995444191344
0 0.12421875 0.4157175398633257 0.01171875 0.0193621867881549
0 0.1109375 0.46924829157175396 0.01875 0.02847380410022779
0 0.16328125 0.662870159453303 0.01875 0.02050113895216401
0 0.21796875 0.6241457858769932 0.0171875 0.023917995444191344