0 0.46796875 0.4886104783599089 0.015625 0.023917995444191344
0 0.4625 0.5763097949886105 0.02109375 0.02733485193621868
0 0.465625 0.673120728929385 0.01640625 0.0193621867881549
0 0.48125 0.785876993166287 0.0140625 0.0193621867881549
0 0.46796875 0.8861047835990888 0.0140625 0.02050113895216401
0 0.46796875 0.9783599088838268 0.01796875 0.023917995444191344
0 0.53203125 0.9954441913439636 0.015625 0.009111617312072893
0 0.6140625 0.7744874715261959 0.0140625 0.0193621867881549
0 0.60625 0.6275626423690205 0.01484375 0.02164009111617312
0 0.60390625 0.5193621867881549 0.01796875 0.022779043280182234
0 0.6 0.43507972665148065 0.015625 0.022779043280182234
0 0.596875 0.3086560364464693 0.01640625 0.023917995444191344
0 0.603125 0.20842824601366744 0.01953125 0.02733485193621868
0 0.57890625 0.01366742596810934 0.0203125 0.02733485193621868
0 0.34140625 0.02619589977220957 0.015625 0.023917995444191344
0 0.31328125 0.1674259681093394 0.01796875 0.02733485193621868
0 0.2421875 0.20045558086560364 0.01875 0.025056947608200455
0 0.2765625 0.29157175398633256 0.01953125 0.03189066059225513
0 0.27734375 0.37585421412300685 0.01953125 0.02733485193621868
0 0.3078125 0.47038724373576307 0.015625 0.023917995444191344
0 0.26640625 0.5444191343963554 0.01875 0.02619589977220957
0 0.26015625 0.6548974943052391 0.015625 0.022779043280182234
0 0.18125 0.693621867881549 0.01484375 0.022779043280182234
0 0.2625 0.755125284738041 0.0140625 0.02050113895216401
0 0.26171875 0.8507972665148064 0.0203125 0.029612756264236904
0 0.275 0.9430523917995444 0.0171875 0.023917995444191344
0 0.36328125 0.9430523917995444 0.01796875 0.02619589977220957
0 0.3625 0.8029612756264237 0.0140625 0.02164009111617312
0 0.3578125 0.6697038724373576 0.015625 0.022779043280182234
0 0.33828125 0.39635535307517084 0.0171875 0.025056947608200455