0 0.4796875 0.5296127562642369 0.0140625 0.022779043280182234
0 0.471875 0.489749430523918 0.015625 0.02164009111617312
0 0.5109375 0.5159453302961275 0.01953125 0.02733485193621868
0 0.4890625 0.5034168564920274 0.02109375 0.03189066059225513
0 0.46875 0.5113895216400911 0.015625 0.02164009111617312
0 0.46484375 0.5341685649202733 0.0140625 0.02050113895216401
0 0.45390625 0.5182232346241458 0.01171875 0.018223234624145785
0 0.4578125 0.4977220956719818 0.01328125 0.017084282460136675
0 0.45859375 0.4715261958997722 0.01796875 0.02619589977220957
0 0.49296875 0.47266514806378135 0.01796875 0.023917995444191344
0 0.4765625 0.46924829157175396 0.01640625 0.02050113895216401
0 0.49609375 0.5296127562642369 0.01328125 0.02050113895216401
0 0.4765625 0.5523917995444191 0.01640625 0.02164009111617312
0 0.4421875 0.5296127562642369 0.0109375 0.017084282460136675
0 0.44453125 0.4886104783599089 0.01484375 0.0193621867881549
0 0.42890625 0.49544419134396356 0.01328125 0.02050113895216401
0 0.42734375 0.5182232346241458 0.0140625 0.0193621867881549
0 0.48359375 0.5876993166287016 0.015625 0.022779043280182234
0 0.48359375 0.6093394077448747 0.01171875 0.017084282460136675
0 0.5078125 0.6138952164009112 0.0140625 0.0193621867881549
0 0.49765625 0.5797266514806378 0.01328125 0.0193621867881549
0 0.49765625 0.6002277904328018 0.0125 0.0193621867881549
0 0.49375 0.623006833712984 0.01328125 0.0193621867881549
0 0.525 0.5865603644646925 0.0140625 0.0193621867881549
0 0.46640625 0.6002277904328018 0.0171875 0.025056947608200455
0 0.44453125 0.60250569476082 0.01953125 0.02847380410022779
0 0.48984375 0.6674259681093394 0.01796875 0.025056947608200455
0 0.515625 0.6617312072892938 0.01328125 0.0193621867881549
0 0.50234375 0.6446469248291572 0.01328125 0.0193621867881549
0 0.465625 0.6469248291571754 0.01484375 0.02050113895216401
0 0.4828125 0.734624145785877 0.01640625 0.023917995444191344
0 0.4875 0.6913439635535308 0.0171875 0.02164009111617312
0 0.515625 0.7460136674259681 0.01328125 0.022779043280182234
0 0.4984375 0.8006833712984055 0.01875 0.02733485193621868
0 0.47421875 0.7870159453302962 0.0171875 0.022779043280182234
0 0.496875 0.7539863325740319 0.0140625 0.022779043280182234
0 0.496875 0.8485193621867881 0.015625 0.02164009111617312
0 0.46640625 0.835990888382688 0.0140625 0.018223234624145785
0 0.47421875 0.8838268792710706 0.0171875 0.023917995444191344
0 0.52265625 0.8747152619589977 0.02109375 0.029612756264236904
0 0.4859375 0.8656036446469249 0.01484375 0.02164009111617312
0 0.48125 0.8451025056947609 0.01484375 0.02050113895216401
0 0.50703125 0.8302961275626424 0.01484375 0.02164009111617312
0 0.503125 0.8701594533029613 0.015625 0.02050113895216401
0 0.49140625 0.8872437357630979 0.01484375 0.018223234624145785
0 0.49765625 0.9476082004555809 0.0140625 0.02164009111617312
0 0.4953125 0.9703872437357631 0.01171875 0.018223234624145785
0 0.5140625 0.9430523917995444 0.01484375 0.0193621867881549
0 0.52578125 0.9703872437357631 0.015625 0.02164009111617312
0 0.48359375 0.9476082004555809 0.0125 0.0193621867881549
0 0.475 0.9259681093394078 0.015625 0.022779043280182234
0 0.5109375 0.9635535307517085 0.01171875 0.0193621867881549
0 0.51171875 0.9874715261958997 0.0140625 0.0193621867881549
0 0.496875 0.9920273348519362 0.0109375 0.014806378132118452