0 0.484375 0.49544419134396356 0.01640625 0.02050113895216401
0 0.48359375 0.3120728929384966 0.01953125 0.030751708428246014
0 0.48359375 0.16970387243735763 0.01640625 0.023917995444191344
0 0.4515625 0.05353075170842825 0.01640625 0.023917995444191344
0 0.509375 0.06150341685649203 0.01796875 0.02733485193621868
0 0.53828125 0.1958997722095672 0.01796875 0.02847380410022779
0 0.546875 0.3120728929384966 0.01640625 0.023917995444191344
0 0.5453125 0.42369020501138954 0.01484375 0.02164009111617312
0 0.61875 0.45558086560364464 0.021875 0.029612756264236904
0 0.590625 0.5649202733485194 0.03125 0.03644646924829157
0 0.5703125 0.7881548974943052 0.01796875 0.02847380410022779
0 0.5359375 0.9441913439635535 0.015625 0.023917995444191344
0 0.934375 0.816628701594533 0.01484375 0.025056947608200455
0 0.9421875 0.6765375854214123 0.01796875 0.025056947608200455
0 0.9046875 0.5808656036446469 0.025 0.03302961275626424
0 0.9125 0.3792710706150342 0.01875 0.02733485193621868
0 0.93515625 0.265375854214123 0.02265625 0.03416856492027335
0 0.903125 0.05125284738041002 0.01875 0.02847380410022779
0 0.97265625 0.07061503416856492 0.02109375 0.02733485193621868
0 0.99765625 0.5 0.00390625 0.02847380410022779
0 0.99375 0.6332574031890661 0.0125 0.03189066059225513
0 0.99375 0.744874715261959 0.0125 0.0387243735763098
0 0.8015625 0.89749430523918 0.01875 0.02619589977220957
0 0.8578125 0.9362186788154897 0.021875 0.02847380410022779
0 0.903125 0.9920273348519362 0.01953125 0.015945330296127564