0 0.75859375 0.33940774487471526 0.02109375 0.029612756264236904
0 0.35234375 0.6150341685649203 0.015625 0.02050113895216401
0 0.13515625 0.5842824601366743 0.01796875 0.025056947608200455
0 0.159375 0.3348519362186788 0.02109375 0.030751708428246014
0 0.27890625 0.05694760820045558 0.02265625 0.030751708428246014
0 0.553125 0.47380410022779046 0.01640625 0.02619589977220957
0 0.821875 0.45899772209567197 0.01640625 0.02847380410022779
0 0.4890625 0.6697038724373576 0.01796875 0.02847380410022779
0 0.559375 0.9464692482915718 0.01484375 0.022779043280182234
0 0.58671875 0.18109339407744876 0.0140625 0.02164009111617312
0 0.41796875 0.1662870159453303 0.015625 0.02050113895216401
0 0.64609375 0.33712984054669703 0.015625 0.02164009111617312
0 0.68828125 0.4806378132118451 0.01640625 0.025056947608200455
0 0.75625 0.7209567198177677 0.01640625 0.025056947608200455
0 0.68203125 0.969248291571754 0.0140625 0.025056947608200455
0 0.2765625 0.6617312072892938 0.01875 0.025056947608200455
0 0.2234375 0.8496583143507973 0.01484375 0.022779043280182234
0 0.28828125 0.9601366742596811 0.01640625 0.025056947608200455
0 0.28203125 0.18906605922551253 0.0140625 0.02164009111617312
0 0.50078125 0.4145785876993166 0.01875 0.02619589977220957
0 0.3203125 0.4123006833712984 0.0171875 0.025056947608200455
0 0.62890625 0.7984054669703873 0.0140625 0.018223234624145785
0 0.853125 0.1252847380410023 0.02109375 0.03189066059225513
0 0.88359375 0.23348519362186787 0.01640625 0.02164009111617312
0 0.73671875 0.17425968109339407 0.01640625 0.025056947608200455
0 0.9125 0.33029612756264237 0.01484375 0.022779043280182234
0 0.928125 0.45899772209567197 0.01328125 0.02164009111617312
0 0.91328125 0.642369020501139 0.0140625 0.022779043280182234
0 0.91875 0.89749430523918 0.01640625 0.022779043280182234
0 0.9265625 0.9669703872437357 0.015625 0.022779043280182234