0 0.46640625 0.009111617312072893 0.01484375 0.018223234624145785
0 0.50390625 0.010250569476082005 0.01328125 0.018223234624145785
0 0.42578125 0.02733485193621868 0.0140625 0.017084282460136675
0 0.4640625 0.06605922551252848 0.01484375 0.02050113895216401
0 0.46171875 0.12870159453302962 0.01171875 0.018223234624145785
0 0.4796875 0.12072892938496584 0.01484375 0.018223234624145785
0 0.4296875 0.13211845102505695 0.0140625 0.02050113895216401
0 0.45234375 0.1082004555808656 0.01328125 0.017084282460136675
0 0.46796875 0.10933940774487472 0.01171875 0.017084282460136675
0 0.46875 0.08769931662870159 0.0140625 0.0193621867881549
0 0.45390625 0.08542141230068337 0.0125 0.018223234624145785
0 0.4390625 0.08769931662870159 0.0140625 0.0193621867881549
0 0.48046875 0.09908883826879271 0.0125 0.018223234624145785
0 0.478125 0.16287015945330297 0.01484375 0.02050113895216401
0 0.44140625 0.19248291571753987 0.01328125 0.0193621867881549
0 0.49375 0.1070615034168565 0.0140625 0.02164009111617312
0 0.4453125 0.06719817767653759 0.01484375 0.018223234624145785
0 0.4296875 0.06947608200455581 0.01328125 0.02050113895216401
0 0.52265625 0.04214123006833713 0.0140625 0.02164009111617312
0 0.5359375 0.10250569476082004 0.015625 0.0193621867881549
0 0.53828125 0.0774487471526196 0.015625 0.0193621867881549
0 0.521875 0.08769931662870159 0.01328125 0.017084282460136675
0 0.50703125 0.0979498861047836 0.0125 0.017084282460136675
0 0.509375 0.07517084282460136 0.0125 0.018223234624145785
0 0.4921875 0.06264236902050115 0.01640625 0.02050113895216401
0 0.49375 0.2733485193621868 0.0109375 0.017084282460136675
0 0.48671875 0.31890660592255127 0.0171875 0.022779043280182234
0 0.484375 0.3724373576309795 0.015625 0.018223234624145785
0 0.44453125 0.4054669703872437 0.01328125 0.0193621867881549
0 0.48046875 0.5125284738041003 0.01953125 0.022779043280182234
0 0.478125 0.4863325740318907 0.01796875 0.02619589977220957
0 0.4671875 0.5011389521640092 0.0140625 0.018223234624145785
0 0.46796875 0.4715261958997722 0.01796875 0.0193621867881549
0 0.4921875 0.4977220956719818 0.01484375 0.023917995444191344
0 0.49296875 0.47380410022779046 0.0171875 0.02050113895216401
0 0.48203125 0.4601366742596811 0.01796875 0.0193621867881549
0 0.45703125 0.5751708428246014 0.0171875 0.0193621867881549
0 0.44140625 0.5740318906605922 0.0140625 0.0193621867881549
0 0.44921875 0.5558086560364465 0.015625 0.02164009111617312
0 0.43984375 0.5956719817767654 0.01328125 0.02164009111617312
0 0.45625 0.5990888382687927 0.01640625 0.022779043280182234
0 0.4734375 0.5797266514806378 0.01484375 0.025056947608200455
0 0.46484375 0.5558086560364465 0.01796875 0.023917995444191344
0 0.4234375 0.5865603644646925 0.02265625 0.03189066059225513
0 0.51953125 0.5785876993166287 0.015625 0.02164009111617312
0 0.50390625 0.5785876993166287 0.01328125 0.017084282460136675
0 0.51015625 0.5592255125284739 0.01328125 0.0193621867881549
0 0.52578125 0.5546697038724373 0.01484375 0.0193621867881549
0 0.509375 0.5968109339407744 0.0140625 0.017084282460136675
0 0.525 0.6036446469248291 0.015625 0.02164009111617312
0 0.53515625 0.5728929384965832 0.0140625 0.018223234624145785
0 0.51875 0.5318906605922551 0.015625 0.0193621867881549
0 0.50546875 0.5387243735763098 0.0140625 0.018223234624145785