0 0.4421875 0.5079726651480638 0.0171875 0.023917995444191344
0 0.43828125 0.6241457858769932 0.0125 0.02050113895216401
0 0.4578125 0.7061503416856492 0.0140625 0.0193621867881549
0 0.43984375 0.7995444191343963 0.0203125 0.02733485193621868
0 0.4640625 0.9100227790432802 0.0125 0.02050113895216401
0 0.5390625 0.8997722095671982 0.01953125 0.029612756264236904
0 0.5203125 0.6571753986332574 0.01484375 0.023917995444191344
0 0.52109375 0.5022779043280182 0.0171875 0.025056947608200455
0 0.49453125 0.40774487471526194 0.01953125 0.02733485193621868
0 0.4765625 0.2733485193621868 0.0140625 0.0193621867881549
0 0.47421875 0.15148063781321183 0.01640625 0.025056947608200455
0 0.4796875 0.04555808656036447 0.0140625 0.02050113895216401
0 0.39609375 0.03530751708428246 0.02109375 0.02733485193621868
0 0.3921875 0.23804100227790434 0.01640625 0.02164009111617312
0 0.3828125 0.36104783599088835 0.01328125 0.02050113895216401
0 0.37890625 0.4430523917995444 0.01484375 0.02164009111617312
0 0.7671875 0.4054669703872437 0.015625 0.02619589977220957
0 0.7625 0.520501138952164 0.01484375 0.023917995444191344
0 0.8203125 0.6047835990888383 0.02265625 0.03758542141230068
0 0.784375 0.7369020501138952 0.0203125 0.029612756264236904
0 0.790625 0.8735763097949886 0.0171875 0.025056947608200455
0 0.875 0.9624145785876993 0.02734375 0.04555808656036447
0 0.90859375 0.755125284738041 0.02421875 0.03986332574031891
0 0.884375 0.6264236902050114 0.01640625 0.023917995444191344
0 0.86015625 0.4328018223234624 0.01640625 0.02847380410022779
0 0.84921875 0.29271070615034167 0.01640625 0.023917995444191344
0 0.8390625 0.15148063781321183 0.01484375 0.022779043280182234
0 0.83828125 0.04328018223234624 0.01953125 0.02619589977220957
0 0.7 0.03530751708428246 0.01484375 0.0193621867881549
0 0.73671875 0.012528473804100227 0.01640625 0.022779043280182234