0 0.8859375 0.417995444191344 0.02734375 0.0387243735763098
0 0.75703125 0.34851936218678814 0.015625 0.022779043280182234
0 0.76953125 0.5079726651480638 0.015625 0.017084282460136675
0 0.7828125 0.5045558086560364 0.01328125 0.018223234624145785
0 0.775 0.4886104783599089 0.01640625 0.0193621867881549
0 0.790625 0.4863325740318907 0.0140625 0.02164009111617312
0 0.76015625 0.4886104783599089 0.01328125 0.017084282460136675
0 0.7375 0.47038724373576307 0.01484375 0.0193621867881549
0 0.75234375 0.47038724373576307 0.0140625 0.0193621867881549
0 0.76796875 0.47038724373576307 0.01171875 0.018223234624145785
0 0.77265625 0.4498861047835991 0.01484375 0.0193621867881549
0 0.78125 0.46924829157175396 0.01484375 0.0193621867881549
0 0.78671875 0.4521640091116173 0.01328125 0.015945330296127564
0 0.796875 0.46924829157175396 0.0109375 0.015945330296127564
0 0.728125 0.4510250569476082 0.0140625 0.0193621867881549
0 0.75859375 0.4510250569476082 0.01171875 0.0193621867881549
0 0.69296875 0.3712984054669704 0.0265625 0.03758542141230068
0 0.78046875 0.40888382687927105 0.01171875 0.015945330296127564
0 0.79609375 0.16059225512528474 0.01328125 0.015945330296127564
0 0.80703125 0.1480637813211845 0.0140625 0.02164009111617312
0 0.79453125 0.14009111617312073 0.01171875 0.018223234624145785
0 0.80625 0.1275626423690205 0.0140625 0.015945330296127564
0 0.81171875 0.16970387243735763 0.01328125 0.018223234624145785
0 0.82734375 0.18109339407744876 0.01328125 0.02164009111617312
0 0.82265625 0.1571753986332574 0.01328125 0.018223234624145785
0 0.82109375 0.13439635535307518 0.01171875 0.0193621867881549
0 0.8421875 0.18906605922551253 0.0140625 0.02050113895216401
0 0.840625 0.16400911161731208 0.015625 0.02050113895216401
0 0.790625 0.21981776765375854 0.01171875 0.018223234624145785
0 0.765625 0.1378132118451025 0.015625 0.023917995444191344
0 0.73125 0.09681093394077449 0.01171875 0.015945330296127564
0 0.7828125 0.06378132118451026 0.0140625 0.02164009111617312
0 0.840625 0.08200455580865604 0.02265625 0.030751708428246014
0 0.86171875 0.11845102505694761 0.009375 0.018223234624145785
0 0.88359375 0.1469248291571754 0.0125 0.02050113895216401
0 0.86640625 0.17995444191343962 0.0125 0.017084282460136675
0 0.75546875 0.2460136674259681 0.01484375 0.02164009111617312
0 0.75078125 0.21981776765375854 0.0140625 0.022779043280182234
0 0.7390625 0.21298405466970388 0.0125 0.018223234624145785
0 0.7625 0.20956719817767655 0.01484375 0.015945330296127564
0 0.71171875 0.26993166287015946 0.01640625 0.022779043280182234
0 0.82734375 0.32574031890660593 0.01953125 0.030751708428246014
0 0.63515625 0.18792710706150342 0.00859375 0.017084282460136675
0 0.66640625 0.14350797266514806 0.0140625 0.017084282460136675
0 0.675 0.1252847380410023 0.01484375 0.0193621867881549
0 0.67265625 0.16400911161731208 0.0125 0.02050113895216401
0 0.6765625 0.20387243735763097 0.01484375 0.02050113895216401
0 0.6828125 0.2642369020501139 0.0140625 0.018223234624145785
0 0.615625 0.2847380410022779 0.0171875 0.02050113895216401
0 0.60703125 0.19248291571753987 0.01796875 0.02050113895216401