0 0.9140625 0.214123006833713 0.0140625 0.02164009111617312
0 0.88203125 0.1856492027334852 0.0203125 0.018223234624145785
0 0.79296875 0.3246013667425968 0.034375 0.04214123006833713
0 0.59140625 0.3314350797266515 0.01875 0.030751708428246014
0 0.83046875 0.2061503416856492 0.01953125 0.02164009111617312
0 0.53359375 0.6082004555808656 0.01328125 0.023917995444191344
0 0.4125 0.6799544419134397 0.01875 0.022779043280182234
0 0.41015625 0.6150341685649203 0.01484375 0.02847380410022779
0 0.43203125 0.43735763097949887 0.0171875 0.0193621867881549
0 0.259375 0.3246013667425968 0.02734375 0.0387243735763098
0 0.16484375 0.22892938496583143 0.0140625 0.023917995444191344
0 0.12890625 0.5182232346241458 0.01484375 0.02619589977220957
0 0.159375 0.6503416856492027 0.015625 0.02164009111617312
0 0.29140625 0.5592255125284739 0.01796875 0.022779043280182234
0 0.37578125 0.35193621867881547 0.01640625 0.022779043280182234
0 0.23671875 0.21981776765375854 0.0171875 0.018223234624145785
0 0.1796875 0.029612756264236904 0.021875 0.02733485193621868
0 0.2234375 0.15831435079726652 0.01484375 0.02619589977220957
0 0.84296875 0.49430523917995445 0.015625 0.022779043280182234
0 0.89453125 0.570615034168565 0.01328125 0.017084282460136675
0 0.83515625 0.571753986332574 0.0171875 0.02619589977220957
0 0.778125 0.5170842824601367 0.01875 0.025056947608200455
0 0.65703125 0.6913439635535308 0.01796875 0.02847380410022779
0 0.696875 0.3246013667425968 0.01953125 0.02847380410022779
0 0.771875 0.06947608200455581 0.021875 0.03302961275626424
0 0.58828125 0.16059225512528474 0.02265625 0.03302961275626424
0 0.83828125 0.6810933940774487 0.01875 0.02619589977220957
0 0.76328125 0.7539863325740319 0.02265625 0.025056947608200455
0 0.93359375 0.7198177676537585 0.0234375 0.029612756264236904
0 0.98671875 0.662870159453303 0.02578125 0.030751708428246014
0 0.95 0.4134396355353075 0.01875 0.02847380410022779
0 0.49375 0.13097949886104784 0.01953125 0.02847380410022779
0 0.4390625 0.7995444191343963 0.0171875 0.02733485193621868
0 0.3546875 0.8906605922551253 0.01640625 0.022779043280182234
0 0.2359375 0.7699316628701595 0.01484375 0.022779043280182234
0 0.17578125 0.7790432801822323 0.0140625 0.02164009111617312
0 0.196875 0.5261958997722096 0.0203125 0.02847380410022779
0 0.1796875 0.35079726651480636 0.02421875 0.023917995444191344
0 0.05859375 0.1958997722095672 0.015625 0.02050113895216401
0 0.0703125 0.7608200455580866 0.01328125 0.02050113895216401
0 0.21328125 0.8735763097949886 0.01796875 0.02164009111617312
0 0.38046875 0.7562642369020501 0.02421875 0.02619589977220957
0 0.5828125 0.43735763097949887 0.0234375 0.02619589977220957
0 0.89140625 0.8701594533029613 0.0171875 0.02164009111617312
0 0.71953125 0.958997722095672 0.02109375 0.03189066059225513
0 0.60234375 0.9305239179954442 0.015625 0.023917995444191344
0 0.5 0.9316628701594533 0.021875 0.02619589977220957
0 0.93671875 0.0785876993166287 0.01953125 0.03189066059225513
0 0.9140625 0.4624145785876993 0.01796875 0.02619589977220957
0 0.96171875 0.5831435079726651 0.02421875 0.029612756264236904