0 0.57421875 0.5170842824601367 0.015625 0.025056947608200455
0 0.57734375 0.3542141230068337 0.0171875 0.030751708428246014
0 0.5921875 0.03986332574031891 0.01796875 0.023917995444191344
0 0.5140625 0.06378132118451026 0.015625 0.02164009111617312
0 0.503125 0.20842824601366744 0.015625 0.022779043280182234
0 0.41875 0.29157175398633256 0.021875 0.029612756264236904
0 0.4484375 0.42369020501138954 0.0140625 0.023917995444191344
0 0.46796875 0.6070615034168565 0.0265625 0.0387243735763098
0 0.6203125 0.6594533029612756 0.02421875 0.03416856492027335
0 0.49296875 0.7665148063781321 0.015625 0.022779043280182234
0 0.5046875 0.9533029612756264 0.01640625 0.025056947608200455
0 0.1640625 0.8587699316628702 0.0140625 0.025056947608200455
0 0.13828125 0.9874715261958997 0.015625 0.023917995444191344
0 0.15078125 0.7084282460136674 0.01796875 0.029612756264236904
0 0.14765625 0.5455580865603644 0.01640625 0.023917995444191344
0 0.21484375 0.3895216400911162 0.01796875 0.02619589977220957
0 0.18515625 0.1867881548974943 0.01796875 0.025056947608200455
0 0.1859375 0.03189066059225513 0.01875 0.02847380410022779
0 0.11484375 0.1070615034168565 0.01875 0.02619589977220957
0 0.078125 0.1845102505694761 0.01640625 0.02619589977220957
0 0.065625 0.29954441913439633 0.015625 0.02164009111617312
0 0.078125 0.43735763097949887 0.01484375 0.025056947608200455
0 0.0515625 0.6082004555808656 0.02109375 0.029612756264236904
0 0.07890625 0.6719817767653758 0.01875 0.029612756264236904
0 0.0546875 0.8621867881548975 0.01640625 0.023917995444191344
0 0.06015625 0.9931662870159453 0.01640625 0.01366742596810934
0 0.24765625 0.9521640091116174 0.01875 0.02619589977220957
0 0.23984375 0.744874715261959 0.01875 0.029612756264236904
0 0.26796875 0.5820045558086561 0.01875 0.02619589977220957
0 0.3140625 0.36332574031890663 0.015625 0.02164009111617312