0 0.46015625 0.9384965831435079 0.01484375 0.02619589977220957
0 0.4578125 0.7904328018223234 0.015625 0.02164009111617312
0 0.45390625 0.6412300683371298 0.01796875 0.023917995444191344
0 0.4546875 0.5125284738041003 0.0171875 0.02619589977220957
0 0.4125 0.36674259681093396 0.0203125 0.03189066059225513
0 0.4046875 0.18906605922551253 0.0171875 0.025056947608200455
0 0.453125 0.07175398633257403 0.01484375 0.02164009111617312
0 0.31640625 0.05580865603644647 0.0171875 0.023917995444191344
0 0.3046875 0.20956719817767655 0.01640625 0.022779043280182234
0 0.321875 0.3690205011389522 0.01640625 0.02164009111617312
0 0.321875 0.5546697038724373 0.0203125 0.029612756264236904
0 0.32109375 0.6207289293849658 0.01640625 0.02733485193621868
0 0.334375 0.7835990888382688 0.01796875 0.023917995444191344
0 0.3359375 0.9373576309794989 0.01875 0.02619589977220957
0 0.38671875 0.9646924829157175 0.015625 0.025056947608200455
0 0.53671875 0.7972665148063781 0.0171875 0.023917995444191344
0 0.53359375 0.6993166287015945 0.0171875 0.02847380410022779
0 0.534375 0.5387243735763098 0.0171875 0.02847380410022779
0 0.52421875 0.4407744874715262 0.01875 0.029612756264236904
0 0.50859375 0.3097949886104784 0.01796875 0.02733485193621868
0 0.4875 0.1674259681093394 0.01484375 0.022779043280182234
0 0.53984375 0.17084282460136674 0.01796875 0.02733485193621868
0 0.5375 0.08314350797266515 0.021875 0.03189066059225513
0 0.5375 0.0056947608200455585 0.0203125 0.010250569476082005
0 0.60234375 0.28815489749430523 0.0234375 0.03189066059225513
0 0.59296875 0.4020501138952164 0.01640625 0.022779043280182234