0 0.7609375 0.3416856492027335 0.021875 0.030751708428246014
0 0.34765625 0.621867881548975 0.015625 0.02164009111617312
0 0.12734375 0.5899772209567198 0.01875 0.02619589977220957
0 0.1515625 0.33712984054669703 0.02109375 0.030751708428246014
0 0.2734375 0.05466970387243736 0.02265625 0.03189066059225513
0 0.5515625 0.4783599088838269 0.01640625 0.02619589977220957
0 0.825 0.4624145785876993 0.01640625 0.029612756264236904
0 0.48671875 0.6765375854214123 0.01875 0.02847380410022779
0 0.55859375 0.958997722095672 0.01484375 0.023917995444191344
0 0.5859375 0.18109339407744876 0.0140625 0.022779043280182234
0 0.4140625 0.16514806378132119 0.015625 0.02050113895216401
0 0.64609375 0.33940774487471526 0.01640625 0.022779043280182234
0 0.6890625 0.48519362186788156 0.01640625 0.025056947608200455
0 0.7578125 0.7300683371298405 0.01640625 0.02619589977220957
0 0.6828125 0.9817767653758542 0.0140625 0.02619589977220957
0 0.27109375 0.6697038724373576 0.01875 0.02619589977220957
0 0.2171875 0.8599088838268792 0.01484375 0.022779043280182234
0 0.2828125 0.9726651480637813 0.01640625 0.025056947608200455
0 0.2765625 0.18906605922551253 0.01484375 0.02164009111617312
0 0.4984375 0.4191343963553531 0.01953125 0.02619589977220957
0 0.31484375 0.4157175398633257 0.0171875 0.025056947608200455
0 0.628125 0.8075170842824602 0.01484375 0.0193621867881549
0 0.85703125 0.1252847380410023 0.021875 0.03189066059225513
0 0.8875 0.23462414578587698 0.0171875 0.022779043280182234
0 0.73828125 0.17425968109339407 0.01640625 0.025056947608200455
0 0.9171875 0.3325740318906606 0.01484375 0.022779043280182234
0 0.9328125 0.4635535307517084 0.01328125 0.02164009111617312
0 0.9171875 0.6492027334851936 0.01484375 0.023917995444191344
0 0.92265625 0.908883826879271 0.01640625 0.022779043280182234
0 0.93125 0.979498861047836 0.01640625 0.022779043280182234