0 0.421875 0.5694760820045558 0.025 0.03302961275626424
0 0.3828125 0.3906605922551253 0.02578125 0.03530751708428246
0 0.46875 0.26765375854214124 0.01875 0.022779043280182234
0 0.43984375 0.16400911161731208 0.0203125 0.029612756264236904
0 0.446875 0.06492027334851937 0.01953125 0.02619589977220957
0 0.5296875 0.12300683371298406 0.0203125 0.030751708428246014
0 0.490625 0.5546697038724373 0.01796875 0.025056947608200455
0 0.38046875 0.9943052391799544 0.021875 0.010250569476082005
0 0.0328125 0.9772209567198178 0.01953125 0.025056947608200455
0 0.034375 0.8291571753986332 0.01875 0.02847380410022779
0 0.04921875 0.7038724373576309 0.01640625 0.022779043280182234
0 0.02109375 0.6184510250569476 0.01796875 0.02847380410022779
0 0.0359375 0.5056947608200456 0.0171875 0.025056947608200455
0 0.05 0.2938496583143508 0.02109375 0.03416856492027335
0 0.040625 0.10478359908883828 0.01875 0.029612756264236904
0 0.1375 0.07175398633257403 0.01875 0.02733485193621868
0 0.85625 0.05580865603644647 0.02890625 0.03986332574031891
0 0.89453125 0.26879271070615035 0.02421875 0.03758542141230068
0 0.83046875 0.38496583143507973 0.021875 0.03530751708428246
0 0.8375 0.6173120728929385 0.02578125 0.03758542141230068
0 0.8421875 0.8314350797266514 0.02109375 0.029612756264236904
0 0.90625 0.9521640091116174 0.021875 0.02847380410022779
0 0.99765625 0.7585421412300684 0.0046875 0.030751708428246014
0 0.9703125 0.5398633257403189 0.0203125 0.025056947608200455
0 0.89453125 0.45558086560364464 0.01875 0.025056947608200455
0 0.72578125 0.13325740318906606 0.0171875 0.02847380410022779
0 0.81484375 0.05011389521640091 0.02109375 0.030751708428246014
0 0.89296875 0.011389521640091117 0.01640625 0.022779043280182234