0 0.50703125 0.3348519362186788 0.015625 0.022779043280182234
0 0.55234375 0.48177676537585423 0.0140625 0.02164009111617312
0 0.52578125 0.6514806378132119 0.015625 0.022779043280182234
0 0.4265625 0.3678815489749431 0.01796875 0.022779043280182234
0 0.59375 0.34738041002277903 0.01796875 0.025056947608200455
0 0.53046875 0.21298405466970388 0.01796875 0.02619589977220957
0 0.2078125 0.6537585421412301 0.01796875 0.02733485193621868
0 0.24375 0.4043280182232346 0.01796875 0.02050113895216401
0 0.21171875 0.3211845102505695 0.01875 0.02733485193621868
0 0.390625 0.17084282460136674 0.01640625 0.02619589977220957
0 0.5578125 0.5842824601366743 0.01796875 0.02619589977220957
0 0.55234375 0.8211845102505695 0.0140625 0.018223234624145785
0 0.44921875 0.9555808656036446 0.01484375 0.02164009111617312
0 0.47578125 0.5148063781321185 0.01328125 0.02050113895216401
0 0.6671875 0.49430523917995445 0.0171875 0.0193621867881549
0 0.50234375 0.38838268792710706 0.0171875 0.025056947608200455
0 0.528125 0.715261958997722 0.0171875 0.025056947608200455
0 0.46640625 0.8849658314350797 0.01328125 0.02164009111617312
0 0.41953125 0.6070615034168565 0.0140625 0.02050113895216401
0 0.65390625 0.19248291571753987 0.01640625 0.02164009111617312
0 0.475 0.0489749430523918 0.01328125 0.02164009111617312
0 0.5328125 0.015945330296127564 0.01484375 0.02050113895216401
0 0.1453125 0.11845102505694761 0.0140625 0.022779043280182234
0 0.13359375 0.2835990888382688 0.01640625 0.02847380410022779
0 0.1046875 0.49430523917995445 0.0171875 0.023917995444191344
0 0.0953125 0.7186788154897494 0.01484375 0.02050113895216401
0 0.13046875 0.8530751708428246 0.01484375 0.02050113895216401
0 0.159375 0.9214123006833713 0.0140625 0.018223234624145785
0 0.39296875 0.7574031890660592 0.0140625 0.0193621867881549
0 0.35390625 0.9236902050113895 0.01328125 0.02050113895216401