0 0.4 0.5466970387243736 0.0140625 0.018223234624145785
0 0.38671875 0.5364464692482915 0.015625 0.0193621867881549
0 0.38515625 0.5125284738041003 0.01484375 0.0193621867881549
0 0.425 0.5034168564920274 0.01328125 0.02050113895216401
0 0.42421875 0.5239179954441914 0.0140625 0.018223234624145785
0 0.44453125 0.5797266514806378 0.01953125 0.029612756264236904
0 0.4546875 0.5478359908883826 0.0171875 0.025056947608200455
0 0.48203125 0.5182232346241458 0.01875 0.02847380410022779
0 0.4109375 0.4920273348519362 0.01484375 0.0193621867881549
0 0.41328125 0.5558086560364465 0.01328125 0.018223234624145785
0 0.4109375 0.5125284738041003 0.015625 0.02164009111617312
0 0.41171875 0.5341685649202733 0.01328125 0.0193621867881549
0 0.39921875 0.5239179954441914 0.0140625 0.0193621867881549
0 0.4375 0.5523917995444191 0.0140625 0.022779043280182234
0 0.42421875 0.5432801822323462 0.01640625 0.02164009111617312
0 0.453125 0.46697038724373574 0.01484375 0.023917995444191344
0 0.45078125 0.4009111617312073 0.0171875 0.025056947608200455
0 0.43984375 0.42482915717539865 0.0171875 0.025056947608200455
0 0.475 0.43735763097949887 0.01484375 0.022779043280182234
0 0.50078125 0.43394077448747154 0.01484375 0.0193621867881549
0 0.4859375 0.42596810933940776 0.0171875 0.0193621867881549
0 0.475 0.4157175398633257 0.0125 0.018223234624145785
0 0.46015625 0.42482915717539865 0.01953125 0.02733485193621868
0 0.471875 0.47038724373576307 0.01953125 0.025056947608200455
0 0.52109375 0.5113895216400911 0.01328125 0.02050113895216401
0 0.54140625 0.5728929384965832 0.01484375 0.02164009111617312
0 0.51328125 0.5876993166287016 0.015625 0.02050113895216401
0 0.49609375 0.6195899772209568 0.01484375 0.02164009111617312
0 0.43671875 0.6321184510250569 0.02421875 0.03530751708428246
0 0.4609375 0.6298405466970387 0.01484375 0.022779043280182234
0 0.43984375 0.664009111617312 0.015625 0.022779043280182234
0 0.46953125 0.6503416856492027 0.0171875 0.023917995444191344
0 0.45390625 0.6503416856492027 0.0171875 0.023917995444191344
0 0.59765625 0.6879271070615034 0.01953125 0.029612756264236904
0 0.6203125 0.621867881548975 0.01953125 0.02733485193621868
0 0.56015625 0.6082004555808656 0.01640625 0.023917995444191344
0 0.521875 0.6093394077448747 0.0140625 0.02050113895216401
0 0.46875 0.6082004555808656 0.01640625 0.022779043280182234
0 0.4 0.6309794988610479 0.01796875 0.02619589977220957
0 0.41328125 0.6708428246013668 0.0125 0.017084282460136675
0 0.44765625 0.6867881548974943 0.01796875 0.025056947608200455
0 0.428125 0.6776765375854215 0.0125 0.017084282460136675
0 0.46171875 0.6742596810933941 0.01796875 0.02619589977220957
0 0.41328125 0.6480637813211845 0.0140625 0.02050113895216401
0 0.4859375 0.5478359908883826 0.01328125 0.022779043280182234
0 0.47734375 0.5671981776765376 0.0171875 0.018223234624145785
0 0.49296875 0.5979498861047836 0.0140625 0.0193621867881549
0 0.5109375 0.5671981776765376 0.01328125 0.017084282460136675
0 0.53046875 0.5523917995444191 0.0140625 0.02050113895216401
0 0.51640625 0.5489749430523918 0.0125 0.018223234624145785