0 0.365625 0.5387243735763098 0.01328125 0.0193621867881549
0 0.36484375 0.520501138952164 0.0125 0.017084282460136675
0 0.37421875 0.5045558086560364 0.0140625 0.0193621867881549
0 0.3765625 0.45899772209567197 0.015625 0.0193621867881549
0 0.37890625 0.48405466970387245 0.01640625 0.022779043280182234
0 0.40703125 0.479498861047836 0.0140625 0.018223234624145785
0 0.3921875 0.46924829157175396 0.0109375 0.017084282460136675
0 0.36796875 0.43394077448747154 0.0125 0.0193621867881549
0 0.37890625 0.417995444191344 0.01328125 0.015945330296127564
0 0.40546875 0.417995444191344 0.0109375 0.015945330296127564
0 0.428125 0.4407744874715262 0.01171875 0.018223234624145785
0 0.4453125 0.44760820045558086 0.015625 0.023917995444191344
0 0.44140625 0.49316628701594534 0.0140625 0.018223234624145785
0 0.40390625 0.5455580865603644 0.01484375 0.02164009111617312
0 0.4046875 0.5227790432801822 0.0140625 0.018223234624145785
0 0.290625 0.5159453302961275 0.01171875 0.014806378132118452
0 0.3375 0.530751708428246 0.0140625 0.02164009111617312
0 0.4328125 0.5671981776765376 0.01875 0.022779043280182234
0 0.39921875 0.5888382687927107 0.0171875 0.02050113895216401
0 0.3640625 0.5797266514806378 0.01484375 0.018223234624145785
0 0.3734375 0.5626423690205011 0.0109375 0.014806378132118452
0 0.328125 0.4498861047835991 0.01640625 0.025056947608200455
0 0.36015625 0.4521640091116173 0.01484375 0.022779043280182234
0 0.3921875 0.4510250569476082 0.0109375 0.017084282460136675
0 0.33359375 0.5535307517084282 0.0140625 0.018223234624145785
0 0.41953125 0.4715261958997722 0.01328125 0.018223234624145785
0 0.3859375 0.38610478359908884 0.0125 0.018223234624145785
0 0.3578125 0.3917995444191344 0.01328125 0.018223234624145785
0 0.353125 0.43394077448747154 0.0109375 0.017084282460136675
0 0.40546875 0.4009111617312073 0.01015625 0.02050113895216401
0 0.4296875 0.36560364464692485 0.025 0.03302961275626424
0 0.484375 0.4191343963553531 0.01875 0.023917995444191344
0 0.47578125 0.47494305239179957 0.01953125 0.02733485193621868
0 0.4796875 0.5353075170842825 0.0140625 0.015945330296127564
0 0.52109375 0.5034168564920274 0.01171875 0.015945330296127564
0 0.52109375 0.4419134396355353 0.01328125 0.018223234624145785
0 0.51015625 0.3906605922551253 0.0140625 0.018223234624145785
0 0.5296875 0.42255125284738043 0.01484375 0.022779043280182234
0 0.534375 0.46924829157175396 0.01171875 0.015945330296127564
0 0.54765625 0.47038724373576307 0.0125 0.0193621867881549
0 0.54453125 0.4293849658314351 0.01171875 0.018223234624145785
0 0.55078125 0.3906605922551253 0.0109375 0.018223234624145785
0 0.5046875 0.5501138952164009 0.015625 0.02847380410022779
0 0.534375 0.5364464692482915 0.0140625 0.02050113895216401
0 0.56953125 0.5045558086560364 0.0140625 0.015945330296127564
0 0.575 0.5353075170842825 0.01171875 0.018223234624145785
0 0.55625 0.5649202733485194 0.015625 0.02164009111617312
0 0.540625 0.5808656036446469 0.01328125 0.015945330296127564
0 0.490625 0.6002277904328018 0.0125 0.015945330296127564
0 0.5046875 0.592255125284738 0.0109375 0.018223234624145785
0 0.51875 0.6287015945330297 0.0140625 0.018223234624145785