0 0.4484375 0.4601366742596811 0.0234375 0.030751708428246014
0 0.4109375 0.6287015945330297 0.02421875 0.03302961275626424
0 0.4921875 0.744874715261959 0.01796875 0.02164009111617312
0 0.46484375 0.8416856492027335 0.01953125 0.02733485193621868
0 0.471875 0.9362186788154897 0.01796875 0.025056947608200455
0 0.55 0.8804100227790432 0.01875 0.02847380410022779
0 0.51328125 0.47380410022779046 0.01640625 0.022779043280182234
0 0.47421875 0.04214123006833713 0.01796875 0.022779043280182234
0 0.409375 0.05125284738041002 0.0203125 0.02619589977220957
0 0.08125 0.07630979498861047 0.01875 0.023917995444191344
0 0.0828125 0.2152619589977221 0.01796875 0.02619589977220957
0 0.096875 0.3337129840546697 0.015625 0.02164009111617312
0 0.0703125 0.4145785876993166 0.0171875 0.02733485193621868
0 0.084375 0.520501138952164 0.01640625 0.022779043280182234
0 0.09765625 0.7198177676537585 0.0203125 0.03302961275626424
0 0.08828125 0.89749430523918 0.01796875 0.02847380410022779
0 0.1796875 0.928246013667426 0.01796875 0.02619589977220957
0 0.8578125 0.9441913439635535 0.02734375 0.03758542141230068
0 0.89375 0.7437357630979499 0.02265625 0.03530751708428246
0 0.83359375 0.6332574031890661 0.02109375 0.03302961275626424
0 0.840625 0.4145785876993166 0.02421875 0.03530751708428246
0 0.84453125 0.21298405466970388 0.01953125 0.02847380410022779
0 0.9046875 0.09908883826879271 0.0203125 0.02619589977220957
0 0.91796875 0.010250569476082005 0.01796875 0.02050113895216401
0 0.99453125 0.28132118451025057 0.0109375 0.02847380410022779
0 0.96484375 0.4886104783599089 0.01875 0.023917995444191344
0 0.89375 0.5671981776765376 0.01796875 0.023917995444191344
0 0.73515625 0.8712984054669703 0.01640625 0.02733485193621868
0 0.81875 0.9498861047835991 0.0203125 0.029612756264236904
0 0.8921875 0.9863325740318907 0.015625 0.02164009111617312