0 0.25546875 0.10592255125284739 0.0328125 0.04783599088838269
0 0.45390625 0.1845102505694761 0.0171875 0.02847380410022779
0 0.54140625 0.34965831435079725 0.0140625 0.02164009111617312
0 0.51953125 0.49316628701594534 0.01484375 0.02050113895216401
0 0.571875 0.49658314350797267 0.01953125 0.02733485193621868
0 0.5609375 0.6207289293849658 0.01640625 0.023917995444191344
0 0.49609375 0.7949886104783599 0.01796875 0.023917995444191344
0 0.4625 0.9225512528473804 0.015625 0.025056947608200455
0 0.56171875 0.9419134396355353 0.01484375 0.02164009111617312
0 0.471875 0.8519362186788155 0.01796875 0.025056947608200455
0 0.41328125 0.7949886104783599 0.01640625 0.02050113895216401
0 0.4265625 0.7095671981776766 0.01484375 0.02164009111617312
0 0.446875 0.6275626423690205 0.01953125 0.02619589977220957
0 0.3984375 0.42482915717539865 0.01875 0.023917995444191344
0 0.41640625 0.3041002277904328 0.01875 0.02619589977220957
0 0.45546875 0.03644646924829157 0.0140625 0.02164009111617312
0 0.56328125 0.04100227790432802 0.01484375 0.02164009111617312
0 0.5921875 0.25740318906605925 0.01640625 0.025056947608200455
0 0.7703125 0.6366742596810934 0.015625 0.02164009111617312
0 0.77890625 0.5375854214123007 0.0171875 0.023917995444191344
0 0.79609375 0.4396355353075171 0.01953125 0.029612756264236904
0 0.815625 0.29271070615034167 0.021875 0.030751708428246014
0 0.796875 0.1856492027334852 0.01328125 0.02050113895216401
0 0.7875 0.06036446469248292 0.01796875 0.02619589977220957
0 0.85625 0.003416856492027335 0.0125 0.00683371298405467
0 0.821875 0.8405466970387244 0.01875 0.023917995444191344
0 0.82109375 0.958997722095672 0.015625 0.02164009111617312
0 0.73046875 0.9350797266514806 0.01484375 0.02164009111617312
0 0.75 0.7904328018223234 0.01640625 0.0193621867881549
0 0.70625 0.6902050113895216 0.01953125 0.029612756264236904