0 0.45390625 0.958997722095672 0.0125 0.02050113895216401
0 0.44609375 0.7961275626423691 0.0171875 0.02847380410022779
0 0.40859375 0.6321184510250569 0.02109375 0.03302961275626424
0 0.43515625 0.4316628701594533 0.01484375 0.02164009111617312
0 0.41796875 0.31662870159453305 0.01484375 0.022779043280182234
0 0.42578125 0.17198177676537585 0.01640625 0.022779043280182234
0 0.34140625 0.0683371298405467 0.01484375 0.023917995444191344
0 0.62421875 0.0888382687927107 0.01953125 0.02847380410022779
0 0.64140625 0.17198177676537585 0.015625 0.022779043280182234
0 0.65859375 0.23120728929384965 0.01640625 0.02733485193621868
0 0.65 0.3564920273348519 0.01484375 0.02164009111617312
0 0.6421875 0.4544419134396355 0.015625 0.025056947608200455
0 0.6046875 0.5649202733485194 0.01875 0.025056947608200455
0 0.67734375 0.6184510250569476 0.01484375 0.02050113895216401
0 0.65390625 0.7528473804100227 0.01640625 0.022779043280182234
0 0.66328125 0.8223234624145785 0.0125 0.02050113895216401
0 0.71015625 0.8883826879271071 0.01328125 0.02050113895216401
0 0.74375 0.9555808656036446 0.01484375 0.02164009111617312
0 0.78203125 0.6879271070615034 0.0140625 0.022779043280182234
0 0.7640625 0.5580865603644647 0.0171875 0.02619589977220957
0 0.7453125 0.4168564920273349 0.0140625 0.02050113895216401
0 0.75390625 0.23234624145785876 0.021875 0.03189066059225513
0 0.915625 0.15148063781321183 0.015625 0.023917995444191344
0 0.92421875 0.3451025056947608 0.01875 0.030751708428246014
0 0.88984375 0.5261958997722096 0.01953125 0.029612756264236904
0 0.90078125 0.6492027334851936 0.0171875 0.02619589977220957
0 0.9046875 0.7471526195899773 0.02734375 0.03758542141230068
0 0.8703125 0.9533029612756264 0.02578125 0.03644646924829157
0 0.8015625 0.9168564920273349 0.01484375 0.02050113895216401
0 0.796875 0.7984054669703873 0.01328125 0.02050113895216401