0 0.44296875 0.5261958997722096 0.01484375 0.018223234624145785
0 0.4421875 0.3621867881548975 0.0171875 0.02733485193621868
0 0.4421875 0.2357630979498861 0.01484375 0.02050113895216401
0 0.4140625 0.13211845102505695 0.01484375 0.02164009111617312
0 0.40234375 0.03986332574031891 0.01875 0.02733485193621868
0 0.46484375 0.13895216400911162 0.01640625 0.025056947608200455
0 0.49140625 0.25854214123006836 0.01640625 0.025056947608200455
0 0.4984375 0.3621867881548975 0.01484375 0.02164009111617312
0 0.49765625 0.4624145785876993 0.01328125 0.0193621867881549
0 0.56328125 0.4908883826879271 0.01953125 0.02733485193621868
0 0.5375 0.5876993166287016 0.02734375 0.03302961275626424
0 0.51953125 0.7881548974943052 0.01640625 0.025056947608200455
0 0.4890625 0.9271070615034168 0.0140625 0.02164009111617312
0 0.8453125 0.8132118451025057 0.01328125 0.02164009111617312
0 0.85234375 0.6879271070615034 0.01640625 0.022779043280182234
0 0.81875 0.60250569476082 0.02265625 0.029612756264236904
0 0.82578125 0.42255125284738043 0.01640625 0.023917995444191344
0 0.84609375 0.3200455580865604 0.0203125 0.030751708428246014
0 0.8171875 0.12984054669703873 0.01640625 0.02619589977220957
0 0.8796875 0.1469248291571754 0.01953125 0.025056947608200455
0 0.94140625 0.23234624145785876 0.01796875 0.02733485193621868
0 0.92578125 0.3451025056947608 0.01953125 0.02847380410022779
0 0.91640625 0.45558086560364464 0.01328125 0.02164009111617312
0 0.909375 0.5296127562642369 0.01796875 0.025056947608200455
0 0.90234375 0.6503416856492027 0.0171875 0.02733485193621868
0 0.9046875 0.7494305239179955 0.02421875 0.03530751708428246
0 0.921875 0.8428246013667426 0.01640625 0.02164009111617312
0 0.7265625 0.8849658314350797 0.01640625 0.023917995444191344
0 0.77734375 0.9202733485193622 0.01953125 0.025056947608200455
0 0.81796875 0.9749430523917996 0.01796875 0.023917995444191344