0 0.4703125 0.46697038724373574 0.0203125 0.02847380410022779
0 0.51015625 0.47494305239179957 0.01328125 0.02050113895216401
0 0.528125 0.4806378132118451 0.01171875 0.018223234624145785
0 0.490625 0.5091116173120729 0.015625 0.022779043280182234
0 0.42890625 0.5615034168564921 0.01875 0.02619589977220957
0 0.434375 0.41116173120728927 0.02109375 0.03302961275626424
0 0.425 0.3564920273348519 0.02265625 0.03189066059225513
0 0.38984375 0.4407744874715262 0.01328125 0.0193621867881549
0 0.528125 0.4134396355353075 0.01640625 0.02164009111617312
0 0.55625 0.4772209567198178 0.01328125 0.02164009111617312
0 0.48125 0.4157175398633257 0.01875 0.023917995444191344
0 0.42578125 0.4772209567198178 0.0125 0.0193621867881549
0 0.47734375 0.6275626423690205 0.0140625 0.02164009111617312
0 0.5046875 0.6070615034168565 0.0140625 0.02050113895216401
0 0.53515625 0.6321184510250569 0.01484375 0.02164009111617312
0 0.4921875 0.6913439635535308 0.01640625 0.025056947608200455
0 0.459375 0.7619589977220956 0.01640625 0.02164009111617312
0 0.4390625 0.7927107061503417 0.015625 0.02164009111617312
0 0.49609375 0.7881548974943052 0.0203125 0.02619589977220957
0 0.5640625 0.7277904328018223 0.01875 0.02619589977220957
0 0.55390625 0.857630979498861 0.01484375 0.0193621867881549
0 0.50078125 0.837129840546697 0.01484375 0.017084282460136675
0 0.5265625 0.8132118451025057 0.01328125 0.018223234624145785
0 0.55546875 0.8154897494305239 0.01640625 0.02164009111617312
0 0.61640625 0.8325740318906606 0.01640625 0.022779043280182234
0 0.56640625 0.9271070615034168 0.01953125 0.025056947608200455
0 0.396875 0.8849658314350797 0.0125 0.018223234624145785
0 0.421875 0.8314350797266514 0.01953125 0.02847380410022779
0 0.453125 0.89749430523918 0.0125 0.018223234624145785
0 0.39140625 0.13097949886104784 0.0125 0.0193621867881549
0 0.4390625 0.23006833712984054 0.02109375 0.03416856492027335
0 0.44609375 0.2733485193621868 0.01484375 0.02050113895216401
0 0.434375 0.25968109339407747 0.01484375 0.022779043280182234
0 0.39140625 0.19248291571753987 0.01484375 0.02050113895216401
0 0.40390625 0.18337129840546698 0.0140625 0.02050113895216401
0 0.378125 0.23006833712984054 0.01640625 0.022779043280182234
0 0.384375 0.2744874715261959 0.0125 0.02050113895216401
0 0.33515625 0.4430523917995444 0.0171875 0.02619589977220957
0 0.37578125 0.4772209567198178 0.015625 0.02164009111617312
0 0.32109375 0.4874715261958998 0.0140625 0.022779043280182234
0 0.3546875 0.5990888382687927 0.01328125 0.018223234624145785
0 0.34296875 0.6526195899772209 0.0140625 0.02050113895216401
0 0.38671875 0.6742596810933941 0.01640625 0.02050113895216401
0 0.4140625 0.6366742596810934 0.01328125 0.018223234624145785
0 0.37578125 0.8109339407744874 0.01796875 0.02619589977220957
0 0.34375 0.8177676537585421 0.01953125 0.029612756264236904
0 0.3796875 0.856492027334852 0.01640625 0.02050113895216401
0 0.434375 0.7710706150341685 0.0125 0.0193621867881549
0 0.4625 0.6822323462414579 0.01328125 0.02619589977220957
0 0.62734375 0.7118451025056948 0.0140625 0.02050113895216401