0 0.48515625 0.5113895216400911 0.01796875 0.02733485193621868
0 0.41015625 0.6287015945330297 0.0234375 0.03416856492027335
0 0.46640625 0.775626423690205 0.015625 0.02733485193621868
0 0.46015625 0.9214123006833713 0.01640625 0.022779043280182234
0 0.546875 0.9601366742596811 0.0140625 0.0193621867881549
0 0.55625 0.7425968109339408 0.01640625 0.023917995444191344
0 0.52421875 0.6537585421412301 0.015625 0.022779043280182234
0 0.48515625 0.29157175398633256 0.01484375 0.0193621867881549
0 0.4640625 0.1571753986332574 0.01796875 0.025056947608200455
0 0.475 0.04441913439635535 0.0171875 0.02164009111617312
0 0.4078125 0.05239179954441914 0.01796875 0.02619589977220957
0 0.3796875 0.16287015945330297 0.01484375 0.022779043280182234
0 0.39375 0.23804100227790434 0.0203125 0.02733485193621868
0 0.3625 0.3451025056947608 0.0140625 0.0193621867881549
0 0.4078125 0.5170842824601367 0.01640625 0.023917995444191344
0 0.396875 0.826879271070615 0.01328125 0.0193621867881549
0 0.4015625 0.958997722095672 0.015625 0.023917995444191344
0 0.5171875 0.8314350797266514 0.015625 0.022779043280182234
0 0.74921875 0.7949886104783599 0.0140625 0.02164009111617312
0 0.7421875 0.8952164009111617 0.0171875 0.02733485193621868
0 0.7625 0.9749430523917996 0.01640625 0.022779043280182234
0 0.74609375 0.6389521640091116 0.015625 0.023917995444191344
0 0.72109375 0.5056947608200456 0.0125 0.02050113895216401
0 0.71796875 0.34965831435079725 0.01484375 0.022779043280182234
0 0.746875 0.23804100227790434 0.01953125 0.02847380410022779
0 0.74453125 0.05011389521640091 0.0140625 0.0193621867881549
0 0.8 0.09339407744874716 0.015625 0.022779043280182234
0 0.771875 0.4407744874715262 0.0171875 0.023917995444191344
0 0.80859375 0.5956719817767654 0.021875 0.03189066059225513
0 0.7953125 0.7164009111617312 0.0203125 0.02847380410022779
0 0.790625 0.8906605922551253 0.01328125 0.02050113895216401
0 0.62890625 0.9009111617312073 0.01484375 0.0193621867881549
0 0.6609375 0.7277904328018223 0.0140625 0.0193621867881549
0 0.63828125 0.642369020501139 0.01640625 0.022779043280182234
0 0.625 0.4498861047835991 0.0125 0.0193621867881549
0 0.63125 0.3348519362186788 0.01484375 0.02164009111617312