0 0.55703125 0.4521640091116173 0.01953125 0.029612756264236904
0 0.59140625 0.6309794988610479 0.02265625 0.03644646924829157
0 0.56640625 0.7494305239179955 0.01953125 0.030751708428246014
0 0.565625 0.8394077448747153 0.01328125 0.02164009111617312
0 0.509375 0.8451025056947609 0.01328125 0.02050113895216401
0 0.503125 0.664009111617312 0.01484375 0.023917995444191344
0 0.51328125 0.5375854214123007 0.0140625 0.02050113895216401
0 0.5515625 0.19020501138952164 0.015625 0.022779043280182234
0 0.56171875 0.04328018223234624 0.015625 0.022779043280182234
0 0.66328125 0.04783599088838269 0.01484375 0.025056947608200455
0 0.6328125 0.2870159453302961 0.0140625 0.02050113895216401
0 0.6390625 0.4874715261958998 0.01484375 0.022779043280182234
0 0.6546875 0.7596810933940774 0.01484375 0.02050113895216401
0 0.6453125 0.8815489749430524 0.01484375 0.02050113895216401
0 0.553125 0.9259681093394078 0.01171875 0.0193621867881549
0 0.471875 0.94874715261959 0.01875 0.02733485193621868
0 0.453125 0.7129840546697038 0.0140625 0.02164009111617312
0 0.4625 0.48177676537585423 0.01640625 0.02619589977220957
0 0.46953125 0.3348519362186788 0.015625 0.025056947608200455
0 0.51796875 0.32915717539863326 0.0140625 0.0193621867881549
0 0.36015625 0.34851936218678814 0.01484375 0.02050113895216401
0 0.2390625 0.2938496583143508 0.01328125 0.02050113895216401
0 0.20859375 0.36560364464692485 0.01640625 0.025056947608200455
0 0.228125 0.44760820045558086 0.0171875 0.02050113895216401
0 0.18984375 0.5626423690205011 0.01640625 0.02619589977220957
0 0.15703125 0.6469248291571754 0.01953125 0.02847380410022779
0 0.22109375 0.7050113895216401 0.01796875 0.025056947608200455
0 0.2140625 0.928246013667426 0.015625 0.025056947608200455
0 0.13671875 0.9054669703872438 0.01875 0.02619589977220957
0 0.12265625 0.9567198177676538 0.02421875 0.03644646924829157