0 0.2140625 0.5569476082004556 0.01484375 0.02050113895216401
0 0.284375 0.592255125284738 0.01484375 0.02733485193621868
0 0.46796875 0.7972665148063781 0.01171875 0.0193621867881549
0 0.47265625 0.8838268792710706 0.0125 0.02050113895216401
0 0.23359375 0.9043280182232346 0.02734375 0.04100227790432802
0 0.13671875 0.8291571753986332 0.02265625 0.030751708428246014
0 0.25078125 0.6913439635535308 0.0125 0.018223234624145785
0 0.24296875 0.34965831435079725 0.0140625 0.018223234624145785
0 0.196875 0.1856492027334852 0.0140625 0.017084282460136675
0 0.278125 0.13553530751708429 0.0140625 0.02050113895216401
0 0.33125 0.2539863325740319 0.01640625 0.023917995444191344
0 0.39921875 0.14123006833712984 0.01328125 0.0193621867881549
0 0.34453125 0.4031890660592255 0.0171875 0.025056947608200455
0 0.4234375 0.6002277904328018 0.0125 0.0193621867881549
0 0.34453125 0.8143507972665148 0.0140625 0.02164009111617312
0 0.33359375 0.9430523917995444 0.015625 0.0193621867881549
0 0.54140625 0.5888382687927107 0.0234375 0.03416856492027335
0 0.46484375 0.40888382687927105 0.01484375 0.023917995444191344
0 0.39921875 0.38496583143507973 0.01171875 0.0193621867881549
0 0.8296875 0.20387243735763097 0.0125 0.018223234624145785
0 0.84296875 0.44533029612756264 0.01484375 0.02164009111617312
0 0.9078125 0.5341685649202733 0.01640625 0.025056947608200455
0 0.9234375 0.7539863325740319 0.02109375 0.03416856492027335
0 0.725 0.857630979498861 0.01796875 0.025056947608200455
0 0.61953125 0.9145785876993167 0.0171875 0.02619589977220957
0 0.709375 0.6514806378132119 0.015625 0.023917995444191344
0 0.71875 0.26879271070615035 0.01328125 0.02164009111617312
0 0.75078125 0.1776765375854214 0.01640625 0.025056947608200455
0 0.8515625 0.09453302961275627 0.01484375 0.0193621867881549
0 0.92890625 0.17198177676537585 0.01328125 0.018223234624145785