0 0.48828125 0.6867881548974943 0.01640625 0.023917995444191344
0 0.5359375 0.5318906605922551 0.01484375 0.022779043280182234
0 0.50859375 0.3564920273348519 0.01640625 0.023917995444191344
0 0.40546875 0.6514806378132119 0.01875 0.023917995444191344
0 0.57890625 0.673120728929385 0.01875 0.02619589977220957
0 0.5125 0.8132118451025057 0.01875 0.02733485193621868
0 0.17734375 0.3542141230068337 0.01875 0.02847380410022779
0 0.2140625 0.6127562642369021 0.01875 0.02164009111617312
0 0.18046875 0.7004555808656037 0.01953125 0.02847380410022779
0 0.3671875 0.857630979498861 0.0171875 0.02619589977220957
0 0.5421875 0.42596810933940776 0.01875 0.02733485193621868
0 0.5359375 0.1788154897494305 0.01484375 0.0193621867881549
0 0.42890625 0.03986332574031891 0.015625 0.022779043280182234
0 0.45625 0.4977220956719818 0.0140625 0.02164009111617312
0 0.65546875 0.5193621867881549 0.01796875 0.02050113895216401
0 0.484375 0.6309794988610479 0.01796875 0.02619589977220957
0 0.5109375 0.28929384965831434 0.01796875 0.02619589977220957
0 0.44609375 0.11275626423690205 0.0140625 0.02164009111617312
0 0.39765625 0.4020501138952164 0.0140625 0.02164009111617312
0 0.6421875 0.8348519362186788 0.0171875 0.022779043280182234
0 0.45546875 0.9840546697038725 0.0140625 0.022779043280182234
0 0.11171875 0.9123006833712984 0.01484375 0.023917995444191344
0 0.09921875 0.7391799544419134 0.0171875 0.029612756264236904
0 0.06953125 0.520501138952164 0.01796875 0.025056947608200455
0 0.059375 0.2847380410022779 0.01484375 0.02050113895216401
0 0.0953125 0.14578587699316628 0.01484375 0.02164009111617312
0 0.12578125 0.07403189066059225 0.01484375 0.0193621867881549
0 0.36953125 0.244874715261959 0.01484375 0.02050113895216401
0 0.3296875 0.07175398633257403 0.01328125 0.02164009111617312