0 0.46484375 0.5 0.01328125 0.02050113895216401
0 0.4578125 0.4646924829157175 0.0140625 0.02050113895216401
0 0.49296875 0.4874715261958998 0.01796875 0.025056947608200455
0 0.4734375 0.4760820045558087 0.01953125 0.029612756264236904
0 0.4546875 0.48405466970387245 0.0140625 0.0193621867881549
0 0.4515625 0.5045558086560364 0.01328125 0.018223234624145785
0 0.44140625 0.489749430523918 0.0109375 0.015945330296127564
0 0.44453125 0.47038724373576307 0.01171875 0.015945330296127564
0 0.4453125 0.44760820045558086 0.01640625 0.023917995444191344
0 0.4765625 0.44760820045558086 0.01640625 0.022779043280182234
0 0.46171875 0.44533029612756264 0.01484375 0.0193621867881549
0 0.47890625 0.5 0.01171875 0.018223234624145785
0 0.46171875 0.520501138952164 0.01484375 0.0193621867881549
0 0.43046875 0.5011389521640092 0.01015625 0.015945330296127564
0 0.4328125 0.4624145785876993 0.01328125 0.017084282460136675
0 0.41875 0.46924829157175396 0.0125 0.0193621867881549
0 0.4171875 0.489749430523918 0.01328125 0.018223234624145785
0 0.46796875 0.5523917995444191 0.0140625 0.02050113895216401
0 0.46796875 0.5728929384965832 0.0109375 0.014806378132118452
0 0.48984375 0.5774487471526196 0.0125 0.017084282460136675
0 0.48125 0.5455580865603644 0.0125 0.018223234624145785
0 0.48125 0.5649202733485194 0.01171875 0.017084282460136675
0 0.47734375 0.5854214123006833 0.01171875 0.018223234624145785
0 0.50546875 0.5523917995444191 0.01328125 0.017084282460136675
0 0.45234375 0.5649202733485194 0.015625 0.022779043280182234
0 0.4328125 0.5660592255125285 0.01796875 0.02619589977220957
0 0.47421875 0.6252847380410023 0.01640625 0.022779043280182234
0 0.496875 0.6207289293849658 0.01171875 0.017084282460136675
0 0.4859375 0.6047835990888383 0.0125 0.018223234624145785
0 0.4515625 0.6070615034168565 0.0140625 0.018223234624145785
0 0.46796875 0.6867881548974943 0.01484375 0.02164009111617312
0 0.471875 0.6469248291571754 0.015625 0.0193621867881549
0 0.49765625 0.6970387243735763 0.0125 0.02050113895216401
0 0.48203125 0.7471526195899773 0.0171875 0.025056947608200455
0 0.459375 0.734624145785877 0.015625 0.02050113895216401
0 0.4796875 0.7050113895216401 0.01328125 0.02050113895216401
0 0.48046875 0.7904328018223234 0.0140625 0.02050113895216401
0 0.45234375 0.7790432801822323 0.0125 0.017084282460136675
0 0.459375 0.8223234624145785 0.015625 0.02164009111617312
0 0.503125 0.8154897494305239 0.01875 0.02733485193621868
0 0.4703125 0.806378132118451 0.01328125 0.0193621867881549
0 0.46640625 0.7870159453302962 0.01328125 0.018223234624145785
0 0.4890625 0.7744874715261959 0.0140625 0.02050113895216401
0 0.4859375 0.8097949886104784 0.01484375 0.018223234624145785
0 0.475 0.8257403189066059 0.01328125 0.017084282460136675
0 0.48125 0.8815489749430524 0.0125 0.0193621867881549
0 0.47890625 0.9009111617312073 0.0109375 0.015945330296127564
0 0.4953125 0.876993166287016 0.01328125 0.017084282460136675
0 0.50703125 0.9020501138952164 0.0140625 0.0193621867881549
0 0.46875 0.8815489749430524 0.01171875 0.017084282460136675
0 0.46015625 0.8621867881548975 0.0140625 0.02050113895216401
0 0.49296875 0.8963553530751709 0.01015625 0.018223234624145785
0 0.49375 0.9168564920273349 0.0125 0.017084282460136675
0 0.48046875 0.9236902050113895 0.01015625 0.017084282460136675