0 0.4828125 0.21298405466970388 0.01484375 0.023917995444191344
0 0.4890625 0.36104783599088835 0.015625 0.023917995444191344
0 0.47734375 0.4498861047835991 0.01171875 0.0193621867881549
0 0.48046875 0.570615034168565 0.01328125 0.02164009111617312
0 0.49609375 0.520501138952164 0.0203125 0.029612756264236904
0 0.44609375 0.5079726651480638 0.0140625 0.018223234624145785
0 0.41328125 0.5341685649202733 0.015625 0.0193621867881549
0 0.42109375 0.47038724373576307 0.01484375 0.02050113895216401
0 0.55390625 0.47266514806378135 0.0125 0.0193621867881549
0 0.5953125 0.4886104783599089 0.0140625 0.0193621867881549
0 0.5640625 0.3314350797266515 0.0171875 0.02733485193621868
0 0.540625 0.30068337129840544 0.0125 0.0193621867881549
0 0.52578125 0.2517084282460137 0.01796875 0.023917995444191344
0 0.528125 0.39977220956719817 0.01171875 0.0193621867881549
0 0.60390625 0.29043280182232345 0.01796875 0.02164009111617312
0 0.5375 0.09225512528473805 0.01875 0.025056947608200455
0 0.575 0.0774487471526196 0.01484375 0.02050113895216401
0 0.55078125 0.04441913439635535 0.01484375 0.0193621867881549
0 0.50234375 0.07175398633257403 0.0109375 0.015945330296127564
0 0.475 0.07630979498861047 0.01171875 0.017084282460136675
0 0.4578125 0.06605922551252848 0.0140625 0.018223234624145785
0 0.49765625 0.017084282460136675 0.01171875 0.017084282460136675
0 0.45078125 0.011389521640091117 0.0140625 0.0193621867881549
0 0.58203125 0.00683371298405467 0.01328125 0.012528473804100227
0 0.625 0.004555808656036446 0.0109375 0.007972665148063782
0 0.65703125 0.03302961275626424 0.01484375 0.023917995444191344
0 0.590625 0.20387243735763097 0.0171875 0.02619589977220957
0 0.584375 0.38496583143507973 0.01484375 0.02164009111617312
0 0.646875 0.3701594533029613 0.01484375 0.023917995444191344
0 0.59453125 0.5558086560364465 0.01640625 0.0193621867881549
0 0.59296875 0.7198177676537585 0.01328125 0.0193621867881549
0 0.5875 0.9100227790432802 0.01484375 0.02050113895216401
0 0.50625 0.9259681093394078 0.01640625 0.022779043280182234
0 0.45703125 0.9157175398633257 0.01796875 0.02050113895216401
0 0.440625 0.9544419134396356 0.0109375 0.014806378132118452
0 0.4671875 0.9840546697038725 0.0109375 0.017084282460136675
0 0.40625 0.8815489749430524 0.015625 0.0193621867881549
0 0.44921875 0.8018223234624146 0.02265625 0.03758542141230068
0 0.38359375 0.8029612756264237 0.0125 0.02050113895216401
0 0.3890625 0.6674259681093394 0.01640625 0.0193621867881549
0 0.453125 0.6776765375854215 0.01953125 0.02619589977220957
0 0.51015625 0.7038724373576309 0.01484375 0.02164009111617312
0 0.509375 0.642369020501139 0.0140625 0.023917995444191344
0 0.5640625 0.591116173120729 0.01484375 0.022779043280182234
0 0.515625 0.5831435079726651 0.0140625 0.02050113895216401
0 0.4 0.6252847380410023 0.015625 0.02164009111617312