0 0.96328125 0.9646924829157175 0.03125 0.05125284738041002
0 0.5109375 0.6275626423690205 0.021875 0.02847380410022779
0 0.33671875 0.6902050113895216 0.01875 0.02164009111617312
0 0.3484375 0.6138952164009112 0.02109375 0.02847380410022779
0 0.5234375 0.357630979498861 0.025 0.030751708428246014
0 0.7015625 0.244874715261959 0.025 0.029612756264236904
0 0.22734375 0.765375854214123 0.021875 0.029612756264236904
0 0.16171875 0.5523917995444191 0.02109375 0.02847380410022779
0 0.3 0.4863325740318907 0.03046875 0.03758542141230068
0 0.75234375 0.5068337129840547 0.01875 0.03302961275626424
0 0.77265625 0.7403189066059226 0.021875 0.030751708428246014
0 0.90546875 0.3929384965831435 0.028125 0.03189066059225513
0 0.55390625 0.14578587699316628 0.01953125 0.029612756264236904
0 0.34609375 0.17995444191343962 0.01484375 0.025056947608200455
0 0.4828125 0.9031890660592256 0.0203125 0.02847380410022779
0 0.20859375 0.9441913439635535 0.01953125 0.02733485193621868
0 0.08828125 0.8690205011389521 0.0234375 0.030751708428246014
0 0.11015625 0.7471526195899773 0.01953125 0.02847380410022779
0 0.253125 0.6605922551252847 0.01796875 0.029612756264236904
0 0.80234375 0.6059225512528473 0.0265625 0.03189066059225513
0 0.93828125 0.7175398633257403 0.0203125 0.03189066059225513
0 0.85703125 0.12186788154897495 0.0234375 0.03302961275626424
0 0.65546875 0.03644646924829157 0.01796875 0.023917995444191344
0 0.16953125 0.2505694760820046 0.01796875 0.022779043280182234
0 0.06171875 0.2517084282460137 0.01875 0.02619589977220957
0 0.0171875 0.04214123006833713 0.01796875 0.023917995444191344
0 0.409375 0.02619589977220957 0.01328125 0.023917995444191344
0 0.63359375 0.591116173120729 0.01953125 0.02164009111617312
0 0.62421875 0.835990888382688 0.0203125 0.025056947608200455