0 0.17265625 0.007972665148063782 0.0203125 0.015945330296127564
0 0.18984375 0.08769931662870159 0.01640625 0.025056947608200455
0 0.190625 0.25740318906605925 0.01796875 0.02619589977220957
0 0.1984375 0.3917995444191344 0.01796875 0.025056947608200455
0 0.1890625 0.592255125284738 0.021875 0.03189066059225513
0 0.18203125 0.7619589977220956 0.0125 0.02050113895216401
0 0.16328125 0.9054669703872438 0.015625 0.022779043280182234
0 0.30546875 0.8542141230068337 0.02265625 0.029612756264236904
0 0.31328125 0.6241457858769932 0.0203125 0.02847380410022779
0 0.3328125 0.38610478359908884 0.01484375 0.022779043280182234
0 0.31875 0.19817767653758542 0.0140625 0.02164009111617312
0 0.3265625 0.02733485193621868 0.0203125 0.02847380410022779
0 0.52421875 0.04100227790432802 0.0171875 0.02733485193621868
0 0.52734375 0.1264236902050114 0.01484375 0.022779043280182234
0 0.52265625 0.22892938496583143 0.015625 0.023917995444191344
0 0.54296875 0.3564920273348519 0.01640625 0.023917995444191344
0 0.5203125 0.5 0.0171875 0.025056947608200455
0 0.5796875 0.5956719817767654 0.0171875 0.025056947608200455
0 0.60234375 0.7482915717539863 0.021875 0.03189066059225513
0 0.50546875 0.7984054669703873 0.0171875 0.025056947608200455
0 0.54453125 0.9157175398633257 0.0171875 0.029612756264236904
0 0.66796875 0.8895216400911162 0.01796875 0.02733485193621868
0 0.72265625 0.5990888382687927 0.02421875 0.03644646924829157
0 0.65546875 0.42255125284738043 0.01640625 0.023917995444191344
0 0.65703125 0.24031890660592256 0.0171875 0.02619589977220957
0 0.4546875 0.29271070615034167 0.015625 0.02619589977220957
0 0.45078125 0.1070615034168565 0.01953125 0.025056947608200455
0 0.4203125 0.2357630979498861 0.0171875 0.025056947608200455
0 0.41875 0.3735763097949886 0.01640625 0.022779043280182234
0 0.446875 0.48519362186788156 0.0171875 0.022779043280182234