0 0.95390625 0.7744874715261959 0.015625 0.022779043280182234
0 0.67109375 0.7277904328018223 0.01171875 0.018223234624145785
0 0.5984375 0.6867881548974943 0.01640625 0.025056947608200455
0 0.471875 0.6389521640091116 0.0171875 0.02164009111617312
0 0.41328125 0.5831435079726651 0.01875 0.023917995444191344
0 0.2765625 0.6378132118451025 0.0234375 0.03189066059225513
0 0.321875 0.43621867881548976 0.01875 0.02164009111617312
0 0.2671875 0.4874715261958998 0.015625 0.025056947608200455
0 0.51796875 0.30068337129840544 0.0171875 0.023917995444191344
0 0.4734375 0.30637813211845105 0.01640625 0.022779043280182234
0 0.4078125 0.3143507972665148 0.01640625 0.022779043280182234
0 0.6625 0.3097949886104784 0.01953125 0.02847380410022779
0 0.7703125 0.4316628701594533 0.01640625 0.02619589977220957
0 0.8921875 0.46810933940774485 0.01953125 0.0193621867881549
0 0.90703125 0.4009111617312073 0.02109375 0.018223234624145785
0 0.82109375 0.26993166287015946 0.01875 0.03189066059225513
0 0.82890625 0.3359908883826879 0.01953125 0.029612756264236904
0 0.86796875 0.1264236902050114 0.02109375 0.02847380410022779
0 0.8203125 0.19248291571753987 0.02109375 0.025056947608200455
0 0.6671875 0.22779043280182232 0.01875 0.02847380410022779
0 0.42890625 0.1662870159453303 0.02265625 0.02619589977220957
0 0.75390625 0.1378132118451025 0.02109375 0.02847380410022779
0 0.7015625 0.12072892938496584 0.01796875 0.015945330296127564
0 0.6375 0.16059225512528474 0.01640625 0.02733485193621868
0 0.56328125 0.3223234624145786 0.015625 0.02164009111617312
0 0.6796875 0.44760820045558086 0.01796875 0.02050113895216401
0 0.5578125 0.5341685649202733 0.01796875 0.02050113895216401
0 0.57890625 0.44760820045558086 0.01875 0.025056947608200455
0 0.315625 0.36332574031890663 0.025 0.02619589977220957
0 0.32421875 0.23690205011389523 0.01796875 0.02619589977220957
0 0.2140625 0.25854214123006836 0.01640625 0.022779043280182234
0 0.12109375 0.22095671981776766 0.02109375 0.023917995444191344
0 0.30078125 0.03644646924829157 0.025 0.029612756264236904
0 0.2703125 0.08200455580865604 0.03359375 0.04441913439635535
0 0.70390625 0.04328018223234624 0.01484375 0.023917995444191344
0 0.62421875 0.05808656036446469 0.01796875 0.014806378132118452
0 0.76953125 0.22209567198177677 0.01796875 0.02619589977220957
0 0.8375 0.7562642369020501 0.0171875 0.022779043280182234
0 0.82265625 0.714123006833713 0.01484375 0.022779043280182234
0 0.78125 0.7186788154897494 0.01796875 0.02847380410022779
0 0.74453125 0.6902050113895216 0.01484375 0.02619589977220957
0 0.703125 0.6446469248291572 0.02265625 0.029612756264236904
0 0.7421875 0.5318906605922551 0.02265625 0.029612756264236904
0 0.83359375 0.5113895216400911 0.01640625 0.02050113895216401
0 0.8109375 0.5763097949886105 0.01796875 0.0193621867881549
0 0.72109375 0.3428246013667426 0.0125 0.025056947608200455
0 0.99609375 0.27790432801822323 0.0078125 0.02619589977220957
0 0.95859375 0.31776765375854216 0.0234375 0.03644646924829157
0 0.9484375 0.22209567198177677 0.01640625 0.02847380410022779
0 0.93203125 0.8849658314350797 0.02421875 0.02847380410022779