0 0.46015625 0.2835990888382688 0.0140625 0.0193621867881549
0 0.46484375 0.4783599088838269 0.0140625 0.0193621867881549
0 0.475 0.6469248291571754 0.0171875 0.022779043280182234
0 0.4640625 0.8553530751708428 0.0140625 0.02050113895216401
0 0.55546875 0.9020501138952164 0.01484375 0.022779043280182234
0 0.5515625 0.7984054669703873 0.01484375 0.022779043280182234
0 0.56171875 0.6856492027334852 0.01484375 0.02164009111617312
0 0.5625 0.571753986332574 0.01171875 0.0193621867881549
0 0.55859375 0.4612756264236902 0.01171875 0.018223234624145785
0 0.55859375 0.3815489749430524 0.0140625 0.02050113895216401
0 0.58046875 0.275626423690205 0.0140625 0.02050113895216401
0 0.54765625 0.1958997722095672 0.0125 0.02164009111617312
0 0.4375 0.08769931662870159 0.01171875 0.018223234624145785
0 0.55234375 0.09339407744874716 0.0125 0.017084282460136675
0 0.6140625 0.06492027334851937 0.015625 0.02164009111617312
0 0.240625 0.9703872437357631 0.01875 0.02733485193621868
0 0.23984375 0.8747152619589977 0.01640625 0.023917995444191344
0 0.24921875 0.7619589977220956 0.015625 0.022779043280182234
0 0.26484375 0.662870159453303 0.01328125 0.018223234624145785
0 0.2375 0.5444191343963554 0.01484375 0.022779043280182234
0 0.2609375 0.43507972665148065 0.0140625 0.02050113895216401
0 0.27265625 0.29271070615034167 0.0140625 0.0193621867881549
0 0.2625 0.18792710706150342 0.0140625 0.02050113895216401
0 0.24609375 0.04441913439635535 0.0125 0.02050113895216401
0 0.184375 0.09567198177676538 0.0140625 0.02050113895216401
0 0.05546875 0.14350797266514806 0.015625 0.02050113895216401
0 0.05546875 0.35193621867881547 0.01328125 0.0193621867881549
0 0.06015625 0.5182232346241458 0.0140625 0.025056947608200455
0 0.06328125 0.6275626423690205 0.0140625 0.02050113895216401
0 0.04296875 0.7300683371298405 0.0140625 0.02050113895216401