0 0.13828125 0.15148063781321183 0.01796875 0.023917995444191344
0 0.20390625 0.11389521640091116 0.01953125 0.02847380410022779
0 0.36953125 0.7722095671981777 0.01875 0.022779043280182234
0 0.1421875 0.8416856492027335 0.0171875 0.025056947608200455
0 0.48359375 0.34738041002277903 0.01796875 0.02619589977220957
0 0.61015625 0.18109339407744876 0.0140625 0.022779043280182234
0 0.3609375 0.21070615034168566 0.0203125 0.03189066059225513
0 0.21875 0.6059225512528473 0.01484375 0.025056947608200455
0 0.5640625 0.5945330296127562 0.015625 0.02733485193621868
0 0.42578125 0.5945330296127562 0.01328125 0.02164009111617312
0 0.36953125 0.37813211845102507 0.01640625 0.02164009111617312
0 0.7015625 0.45785876993166286 0.01796875 0.022779043280182234
0 0.49765625 0.7164009111617312 0.02265625 0.030751708428246014
0 0.3265625 0.4806378132118451 0.0171875 0.0193621867881549
0 0.58984375 0.3815489749430524 0.01796875 0.02847380410022779
0 0.515625 0.06605922551252848 0.0171875 0.02164009111617312
0 0.3625 0.025056947608200455 0.01484375 0.022779043280182234
0 0.86484375 0.21981776765375854 0.01328125 0.022779043280182234
0 0.88984375 0.40888382687927105 0.0140625 0.02050113895216401
0 0.8421875 0.7824601366742597 0.01484375 0.02050113895216401
0 0.80078125 0.9726651480637813 0.01875 0.02619589977220957
0 0.74140625 0.7630979498861048 0.01484375 0.02164009111617312
0 0.76015625 0.5990888382687927 0.01484375 0.0193621867881549
0 0.87109375 0.6241457858769932 0.01640625 0.023917995444191344
0 0.80703125 0.34965831435079725 0.01640625 0.02847380410022779
0 0.6890625 0.10250569476082004 0.01640625 0.0193621867881549
0 0.93125 0.9157175398633257 0.0125 0.022779043280182234
0 0.93984375 0.8200455580865603 0.01484375 0.02164009111617312
0 0.9265625 0.541002277904328 0.0171875 0.023917995444191344
0 0.8609375 0.08200455580865604 0.01171875 0.02164009111617312