0 0.0703125 0.21298405466970388 0.01640625 0.023917995444191344
0 0.36328125 0.2608200455580866 0.0125 0.0193621867881549
0 0.43828125 0.3041002277904328 0.0171875 0.02619589977220957
0 0.56953125 0.3530751708428246 0.01796875 0.022779043280182234
0 0.63046875 0.41116173120728927 0.01953125 0.025056947608200455
0 0.771875 0.3542141230068337 0.02421875 0.03302961275626424
0 0.725 0.5626423690205011 0.01875 0.022779043280182234
0 0.78125 0.510250569476082 0.015625 0.02619589977220957
0 0.521875 0.7027334851936219 0.01796875 0.025056947608200455
0 0.56796875 0.6981776765375854 0.01640625 0.023917995444191344
0 0.6359375 0.6890660592255126 0.01640625 0.023917995444191344
0 0.371875 0.693621867881549 0.0203125 0.029612756264236904
0 0.2609375 0.5683371298405467 0.0171875 0.02733485193621868
0 0.134375 0.5296127562642369 0.0203125 0.0193621867881549
0 0.11953125 0.6002277904328018 0.021875 0.0193621867881549
0 0.2078125 0.734624145785877 0.01953125 0.03302961275626424
0 0.2 0.6662870159453302 0.0203125 0.030751708428246014
0 0.159375 0.8826879271070615 0.021875 0.029612756264236904
0 0.20859375 0.8154897494305239 0.021875 0.025056947608200455
0 0.3671875 0.7790432801822323 0.01953125 0.02847380410022779
0 0.6140625 0.8428246013667426 0.0234375 0.02733485193621868
0 0.27734375 0.8712984054669703 0.021875 0.029612756264236904
0 0.33125 0.8895216400911162 0.01875 0.017084282460136675
0 0.3984375 0.8485193621867881 0.01640625 0.02847380410022779
0 0.475 0.6810933940774487 0.015625 0.022779043280182234
0 0.35390625 0.55125284738041 0.01875 0.02050113895216401
0 0.48046875 0.4612756264236902 0.01875 0.02164009111617312
0 0.45859375 0.5501138952164009 0.01953125 0.02619589977220957
0 0.73046875 0.6378132118451025 0.02578125 0.02619589977220957
0 0.72265625 0.7699316628701595 0.01796875 0.02619589977220957
0 0.8359375 0.7471526195899773 0.0171875 0.023917995444191344
0 0.93203125 0.785876993166287 0.021875 0.025056947608200455
0 0.74609375 0.9772209567198178 0.02578125 0.030751708428246014
0 0.778125 0.929384965831435 0.034375 0.04555808656036447
0 0.32890625 0.969248291571754 0.015625 0.025056947608200455
0 0.41171875 0.9544419134396356 0.01875 0.014806378132118452
0 0.26171875 0.784738041002278 0.01875 0.02733485193621868
0 0.19140625 0.23234624145785876 0.01796875 0.022779043280182234
0 0.20703125 0.275626423690205 0.015625 0.023917995444191344
0 0.24921875 0.27107061503416857 0.01875 0.02847380410022779
0 0.28671875 0.30068337129840544 0.015625 0.02733485193621868
0 0.33046875 0.34738041002277903 0.0234375 0.030751708428246014
0 0.28984375 0.4646924829157175 0.0234375 0.030751708428246014
0 0.1953125 0.4863325740318907 0.01640625 0.02050113895216401
0 0.21875 0.417995444191344 0.01875 0.0193621867881549
0 0.31171875 0.6594533029612756 0.01328125 0.02619589977220957
0 0.021875 0.7277904328018223 0.0203125 0.02733485193621868
0 0.065625 0.6845102505694761 0.02421875 0.03758542141230068
0 0.0765625 0.784738041002278 0.0171875 0.029612756264236904
0 0.09296875 0.09908883826879271 0.025 0.029612756264236904