0 0.9 0.9328018223234624 0.01640625 0.025056947608200455
0 0.88984375 0.7562642369020501 0.01875 0.02619589977220957
0 0.9203125 0.6059225512528473 0.0171875 0.02050113895216401
0 0.896875 0.4772209567198178 0.01484375 0.022779043280182234
0 0.9078125 0.3120728929384966 0.01328125 0.02050113895216401
0 0.89609375 0.20273348519362186 0.01484375 0.022779043280182234
0 0.91875 0.0774487471526196 0.01328125 0.0193621867881549
0 0.8390625 0.12984054669703873 0.01328125 0.02164009111617312
0 0.83984375 0.22779043280182232 0.01328125 0.0193621867881549
0 0.846875 0.3200455580865604 0.0109375 0.018223234624145785
0 0.83828125 0.43621867881548976 0.01171875 0.015945330296127564
0 0.84453125 0.5842824601366743 0.01875 0.02619589977220957
0 0.82109375 0.6548974943052391 0.01328125 0.02050113895216401
0 0.8296875 0.8120728929384966 0.01328125 0.018223234624145785
0 0.834375 0.9043280182232346 0.01484375 0.022779043280182234
0 0.81953125 0.9453302961275627 0.0125 0.02164009111617312
0 0.65078125 0.8815489749430524 0.015625 0.02164009111617312
0 0.60078125 0.8986332574031891 0.015625 0.022779043280182234
0 0.6140625 0.9874715261958997 0.0140625 0.02050113895216401
0 0.6328125 0.8211845102505695 0.01640625 0.02164009111617312
0 0.62421875 0.6697038724373576 0.01171875 0.017084282460136675
0 0.640625 0.571753986332574 0.01875 0.02847380410022779
0 0.62734375 0.4134396355353075 0.01171875 0.015945330296127564
0 0.62890625 0.2528473804100228 0.01484375 0.02164009111617312
0 0.6234375 0.13325740318906606 0.01328125 0.02164009111617312
0 0.63828125 0.00683371298405467 0.01328125 0.012528473804100227
0 0.5921875 0.009111617312072893 0.01640625 0.018223234624145785
0 0.7265625 0.007972665148063782 0.015625 0.015945330296127564
0 0.72421875 0.12186788154897495 0.01640625 0.022779043280182234
0 0.76171875 0.25854214123006836 0.01328125 0.02050113895216401