0 0.47890625 0.9726651480637813 0.0140625 0.02164009111617312
0 0.51484375 0.9703872437357631 0.0125 0.018223234624145785
0 0.43984375 0.9533029612756264 0.01328125 0.015945330296127564
0 0.4765625 0.9157175398633257 0.0140625 0.0193621867881549
0 0.475 0.8553530751708428 0.0109375 0.017084282460136675
0 0.4921875 0.8633257403189066 0.0140625 0.018223234624145785
0 0.44375 0.8519362186788155 0.01328125 0.0193621867881549
0 0.465625 0.8747152619589977 0.0125 0.015945330296127564
0 0.48046875 0.8747152619589977 0.01171875 0.015945330296127564
0 0.48203125 0.8952164009111617 0.0140625 0.018223234624145785
0 0.4671875 0.89749430523918 0.0125 0.018223234624145785
0 0.453125 0.8952164009111617 0.01328125 0.018223234624145785
0 0.49296875 0.8849658314350797 0.01171875 0.017084282460136675
0 0.490625 0.8223234624145785 0.0140625 0.02050113895216401
0 0.4546875 0.7938496583143508 0.01328125 0.0193621867881549
0 0.50546875 0.8758542141230068 0.01328125 0.02050113895216401
0 0.45859375 0.9145785876993167 0.0140625 0.017084282460136675
0 0.44375 0.9123006833712984 0.01328125 0.0193621867881549
0 0.53359375 0.9384965831435079 0.01328125 0.02050113895216401
0 0.54609375 0.8804100227790432 0.01484375 0.0193621867881549
0 0.5484375 0.9054669703872438 0.01484375 0.0193621867881549
0 0.5328125 0.8952164009111617 0.0125 0.017084282460136675
0 0.51875 0.8849658314350797 0.0125 0.015945330296127564
0 0.5203125 0.907744874715262 0.01171875 0.017084282460136675
0 0.50390625 0.9191343963553531 0.015625 0.02050113895216401
0 0.50546875 0.7164009111617312 0.0109375 0.015945330296127564
0 0.4984375 0.6719817767653758 0.01640625 0.02164009111617312
0 0.496875 0.6207289293849658 0.01484375 0.017084282460136675
0 0.4578125 0.5888382687927107 0.0125 0.018223234624145785
0 0.49296875 0.48519362186788156 0.01875 0.022779043280182234
0 0.490625 0.5113895216400911 0.0171875 0.025056947608200455
0 0.4796875 0.49658314350797267 0.01328125 0.018223234624145785
0 0.48046875 0.5250569476082004 0.0171875 0.018223234624145785
0 0.5046875 0.5 0.01484375 0.022779043280182234
0 0.5046875 0.5227790432801822 0.01640625 0.02050113895216401
0 0.49453125 0.5364464692482915 0.0171875 0.0193621867881549
0 0.4703125 0.42482915717539865 0.0171875 0.018223234624145785
0 0.45546875 0.42596810933940776 0.0140625 0.018223234624145785
0 0.4625 0.44419134396355353 0.01484375 0.02050113895216401
0 0.45390625 0.4054669703872437 0.01328125 0.02050113895216401
0 0.46953125 0.4031890660592255 0.015625 0.02164009111617312
0 0.4859375 0.4202733485193622 0.0140625 0.023917995444191344
0 0.478125 0.44419134396355353 0.01796875 0.022779043280182234
0 0.4375 0.4134396355353075 0.021875 0.030751708428246014
0 0.53046875 0.42255125284738043 0.01484375 0.02050113895216401
0 0.51484375 0.4214123006833713 0.01328125 0.015945330296127564
0 0.52109375 0.4407744874715262 0.0125 0.018223234624145785
0 0.5359375 0.44533029612756264 0.01484375 0.0193621867881549
0 0.5203125 0.4043280182232346 0.0140625 0.017084282460136675
0 0.5359375 0.39749430523917995 0.015625 0.02050113895216401
0 0.5453125 0.4271070615034169 0.0140625 0.018223234624145785
0 0.5296875 0.46697038724373574 0.015625 0.018223234624145785
0 0.5171875 0.4612756264236902 0.01328125 0.018223234624145785