0 0.54296875 0.46697038724373574 0.02109375 0.02847380410022779
0 0.5015625 0.47494305239179957 0.01328125 0.02164009111617312
0 0.48359375 0.4806378132118451 0.01171875 0.0193621867881549
0 0.521875 0.510250569476082 0.01640625 0.023917995444191344
0 0.58515625 0.5637813211845103 0.01953125 0.02733485193621868
0 0.5796875 0.40888382687927105 0.02109375 0.03416856492027335
0 0.5890625 0.3530751708428246 0.0234375 0.03302961275626424
0 0.62578125 0.4396355353075171 0.0140625 0.0193621867881549
0 0.4828125 0.41116173120728927 0.01640625 0.022779043280182234
0 0.45390625 0.4772209567198178 0.01328125 0.02164009111617312
0 0.53125 0.4134396355353075 0.01953125 0.025056947608200455
0 0.58828125 0.4772209567198178 0.0125 0.02050113895216401
0 0.5359375 0.6321184510250569 0.01484375 0.022779043280182234
0 0.50703125 0.6104783599088838 0.01484375 0.02050113895216401
0 0.47578125 0.6366742596810934 0.015625 0.02164009111617312
0 0.51953125 0.6981776765375854 0.0171875 0.02619589977220957
0 0.55390625 0.7699316628701595 0.0171875 0.022779043280182234
0 0.575 0.8018223234624146 0.01640625 0.022779043280182234
0 0.51640625 0.7972665148063781 0.02109375 0.02733485193621868
0 0.44609375 0.7357630979498861 0.01953125 0.02733485193621868
0 0.45625 0.8690205011389521 0.015625 0.02050113895216401
0 0.51171875 0.8485193621867881 0.01484375 0.018223234624145785
0 0.48515625 0.8234624145785877 0.01328125 0.0193621867881549
0 0.45546875 0.8257403189066059 0.0171875 0.022779043280182234
0 0.3921875 0.8439635535307517 0.0171875 0.022779043280182234
0 0.44375 0.9407744874715261 0.01953125 0.02619589977220957
0 0.61875 0.89749430523918 0.01328125 0.0193621867881549
0 0.5921875 0.8428246013667426 0.01953125 0.029612756264236904
0 0.5609375 0.9111617312072893 0.0125 0.018223234624145785
0 0.62421875 0.11958997722095673 0.0125 0.0193621867881549
0 0.575 0.22209567198177677 0.021875 0.03530751708428246
0 0.5671875 0.26651480637813213 0.01484375 0.02164009111617312
0 0.5796875 0.2528473804100228 0.015625 0.022779043280182234
0 0.62421875 0.18337129840546698 0.015625 0.02164009111617312
0 0.6109375 0.17312072892938496 0.01484375 0.02164009111617312
0 0.63828125 0.22209567198177677 0.0171875 0.023917995444191344
0 0.63125 0.26765375854214124 0.01328125 0.02050113895216401
0 0.6828125 0.4407744874715262 0.01796875 0.02733485193621868
0 0.640625 0.4772209567198178 0.015625 0.02164009111617312
0 0.696875 0.4874715261958998 0.0140625 0.022779043280182234
0 0.6625 0.60250569476082 0.01328125 0.018223234624145785
0 0.6734375 0.6571753986332574 0.01484375 0.02050113895216401
0 0.62890625 0.6799544419134397 0.0171875 0.02050113895216401
0 0.60078125 0.6412300683371298 0.01328125 0.018223234624145785
0 0.63984375 0.8211845102505695 0.01796875 0.02619589977220957
0 0.6734375 0.8280182232346242 0.0203125 0.029612756264236904
0 0.63671875 0.8678815489749431 0.0171875 0.02164009111617312
0 0.5796875 0.7801822323462415 0.0125 0.02050113895216401
0 0.55078125 0.6879271070615034 0.01328125 0.02733485193621868
0 0.38125 0.7198177676537585 0.0140625 0.02050113895216401