0 0.25546875 0.8701594533029613 0.03125 0.04555808656036447
0 0.44765625 0.7949886104783599 0.01640625 0.02733485193621868
0 0.5328125 0.6343963553530751 0.01328125 0.02050113895216401
0 0.5109375 0.49430523917995445 0.01484375 0.02050113895216401
0 0.5625 0.4920273348519362 0.01953125 0.02619589977220957
0 0.5515625 0.3712984054669704 0.015625 0.022779043280182234
0 0.48828125 0.20273348519362186 0.0171875 0.022779043280182234
0 0.45625 0.0785876993166287 0.01484375 0.023917995444191344
0 0.55234375 0.06036446469248292 0.0140625 0.02050113895216401
0 0.465625 0.1480637813211845 0.0171875 0.023917995444191344
0 0.40859375 0.20273348519362186 0.015625 0.02050113895216401
0 0.421875 0.2847380410022779 0.01484375 0.02050113895216401
0 0.44140625 0.36446469248291574 0.01875 0.02619589977220957
0 0.39453125 0.5615034168564921 0.01796875 0.022779043280182234
0 0.4109375 0.6788154897494305 0.01796875 0.02619589977220957
0 0.44921875 0.9384965831435079 0.01328125 0.02050113895216401
0 0.55390625 0.9328018223234624 0.01484375 0.02164009111617312
0 0.58203125 0.724373576309795 0.015625 0.023917995444191344
0 0.7546875 0.3564920273348519 0.01484375 0.02050113895216401
0 0.76328125 0.4521640091116173 0.01640625 0.022779043280182234
0 0.7796875 0.5478359908883826 0.01875 0.029612756264236904
0 0.7984375 0.6902050113895216 0.02109375 0.030751708428246014
0 0.78046875 0.7927107061503417 0.01328125 0.0193621867881549
0 0.77109375 0.9145785876993167 0.0171875 0.025056947608200455
0 0.83828125 0.9772209567198178 0.01171875 0.018223234624145785
0 0.8046875 0.15831435079726652 0.01875 0.023917995444191344
0 0.80390625 0.04328018223234624 0.01484375 0.02164009111617312
0 0.715625 0.06719817767653759 0.0140625 0.02164009111617312
0 0.73515625 0.2072892938496583 0.01640625 0.0193621867881549
0 0.6921875 0.3041002277904328 0.01875 0.02847380410022779