0 0.365625 0.05922551252847381 0.01328125 0.02050113895216401
0 0.37109375 0.224373576309795 0.01484375 0.022779043280182234
0 0.37421875 0.3724373576309795 0.01875 0.025056947608200455
0 0.3828125 0.47266514806378135 0.0140625 0.02164009111617312
0 0.3921875 0.6810933940774487 0.021875 0.029612756264236904
0 0.38359375 0.835990888382688 0.0140625 0.02164009111617312
0 0.38359375 0.958997722095672 0.01640625 0.02164009111617312
0 0.51796875 0.05694760820045558 0.0140625 0.025056947608200455
0 0.50234375 0.16400911161731208 0.01484375 0.02050113895216401
0 0.52734375 0.24715261958997722 0.01328125 0.023917995444191344
0 0.515625 0.3542141230068337 0.01328125 0.02164009111617312
0 0.52578125 0.5592255125284739 0.015625 0.02050113895216401
0 0.52421875 0.7107061503416856 0.01796875 0.025056947608200455
0 0.51640625 0.857630979498861 0.01484375 0.0193621867881549
0 0.57578125 0.9498861047835991 0.01484375 0.02050113895216401
0 0.84296875 0.09453302961275627 0.02265625 0.03416856492027335
0 0.83046875 0.17425968109339407 0.01484375 0.02164009111617312
0 0.84375 0.36560364464692485 0.01484375 0.023917995444191344
0 0.840625 0.4863325740318907 0.015625 0.022779043280182234
0 0.83359375 0.5728929384965832 0.01328125 0.02164009111617312
0 0.81484375 0.7425968109339408 0.01484375 0.0193621867881549
0 0.8 0.8416856492027335 0.01484375 0.02050113895216401
0 0.85 0.9521640091116174 0.01484375 0.02050113895216401
0 0.625 0.8143507972665148 0.015625 0.022779043280182234
0 0.63515625 0.6571753986332574 0.0125 0.018223234624145785
0 0.61484375 0.4874715261958998 0.0171875 0.025056947608200455
0 0.6203125 0.2847380410022779 0.01484375 0.02050113895216401
0 0.64296875 0.09908883826879271 0.0140625 0.023917995444191344
0 0.70546875 0.30182232346241455 0.01640625 0.025056947608200455
0 0.7140625 0.4202733485193622 0.01875 0.02733485193621868