0 0.51875 0.5091116173120729 0.0140625 0.02164009111617312
0 0.5265625 0.4715261958997722 0.01484375 0.02164009111617312
0 0.4890625 0.49544419134396356 0.01875 0.02619589977220957
0 0.51015625 0.48405466970387245 0.0203125 0.030751708428246014
0 0.5296875 0.4920273348519362 0.01484375 0.02050113895216401
0 0.5328125 0.5136674259681093 0.0140625 0.0193621867881549
0 0.54375 0.4988610478359909 0.01171875 0.017084282460136675
0 0.540625 0.4783599088838269 0.0125 0.017084282460136675
0 0.5390625 0.4533029612756264 0.0171875 0.025056947608200455
0 0.50625 0.4544419134396355 0.0171875 0.023917995444191344
0 0.521875 0.4510250569476082 0.015625 0.02050113895216401
0 0.50390625 0.5091116173120729 0.0125 0.0193621867881549
0 0.521875 0.530751708428246 0.015625 0.02050113895216401
0 0.55546875 0.510250569476082 0.0109375 0.015945330296127564
0 0.553125 0.46924829157175396 0.0140625 0.018223234624145785
0 0.56796875 0.4772209567198178 0.0125 0.02050113895216401
0 0.56953125 0.4988610478359909 0.01328125 0.0193621867881549
0 0.515625 0.5649202733485194 0.01484375 0.02164009111617312
0 0.515625 0.5854214123006833 0.01171875 0.015945330296127564
0 0.4921875 0.5899772209567198 0.01328125 0.018223234624145785
0 0.5015625 0.5569476082004556 0.0125 0.0193621867881549
0 0.50234375 0.5774487471526196 0.01171875 0.018223234624145785
0 0.50546875 0.5990888382687927 0.0125 0.018223234624145785
0 0.47578125 0.5637813211845103 0.0140625 0.018223234624145785
0 0.53203125 0.5774487471526196 0.01640625 0.023917995444191344
0 0.553125 0.5785876993166287 0.01875 0.02733485193621868
0 0.509375 0.6412300683371298 0.0171875 0.023917995444191344
0 0.48515625 0.6366742596810934 0.0125 0.018223234624145785
0 0.496875 0.6195899772209568 0.01328125 0.018223234624145785
0 0.5328125 0.621867881548975 0.01484375 0.0193621867881549
0 0.515625 0.7061503416856492 0.015625 0.022779043280182234
0 0.51171875 0.664009111617312 0.01640625 0.02050113895216401
0 0.484375 0.7164009111617312 0.0125 0.02164009111617312
0 0.50078125 0.7699316628701595 0.01796875 0.02619589977220957
0 0.525 0.7562642369020501 0.01640625 0.02164009111617312
0 0.503125 0.7255125284738041 0.01328125 0.02164009111617312
0 0.503125 0.8154897494305239 0.01484375 0.02164009111617312
0 0.53203125 0.8029612756264237 0.01328125 0.018223234624145785
0 0.52421875 0.8496583143507973 0.0171875 0.022779043280182234
0 0.478125 0.8416856492027335 0.0203125 0.02847380410022779
0 0.51328125 0.8325740318906606 0.0140625 0.02050113895216401
0 0.5171875 0.8120728929384966 0.0140625 0.0193621867881549
0 0.49296875 0.7984054669703873 0.01484375 0.02164009111617312
0 0.496875 0.835990888382688 0.015625 0.0193621867881549
0 0.5078125 0.8530751708428246 0.0140625 0.018223234624145785
0 0.5015625 0.9111617312072893 0.01328125 0.02050113895216401
0 0.50390625 0.9328018223234624 0.01171875 0.017084282460136675
0 0.48671875 0.9066059225512528 0.0140625 0.018223234624145785
0 0.475 0.9328018223234624 0.01484375 0.02050113895216401
0 0.51484375 0.9111617312072893 0.0125 0.018223234624145785
0 0.5234375 0.8906605922551253 0.01484375 0.02164009111617312
0 0.48984375 0.9271070615034168 0.0109375 0.018223234624145785
0 0.48828125 0.94874715261959 0.01328125 0.018223234624145785
0 0.50234375 0.9567198177676538 0.0109375 0.018223234624145785