0 0.53671875 0.13439635535307518 0.01640625 0.025056947608200455
0 0.51171875 0.3097949886104784 0.01484375 0.02050113895216401
0 0.4765625 0.4988610478359909 0.01484375 0.02164009111617312
0 0.59453125 0.6275626423690205 0.025 0.03530751708428246
0 0.5140625 0.8189066059225513 0.01328125 0.0193621867881549
0 0.5453125 0.9624145785876993 0.0125 0.018223234624145785
0 0.40546875 0.7118451025056948 0.015625 0.023917995444191344
0 0.4375 0.37585421412300685 0.0140625 0.02164009111617312
0 0.45390625 0.16514806378132119 0.0140625 0.02050113895216401
0 0.59375 0.1958997722095672 0.015625 0.02164009111617312
0 0.603125 0.33826879271070615 0.0125 0.0193621867881549
0 0.6875 0.3132118451025057 0.0171875 0.02619589977220957
0 0.9171875 0.541002277904328 0.01328125 0.022779043280182234
0 0.915625 0.7881548974943052 0.01796875 0.030751708428246014
0 0.9265625 0.9066059225512528 0.01953125 0.02847380410022779
0 0.90703125 0.20045558086560364 0.01328125 0.02050113895216401
0 0.9078125 0.05239179954441914 0.0125 0.0193621867881549
0 0.76640625 0.08428246013667426 0.0140625 0.0193621867881549
0 0.77734375 0.2619589977220957 0.01328125 0.02050113895216401
0 0.8203125 0.3451025056947608 0.0125 0.018223234624145785
0 0.8125 0.5421412300683371 0.01328125 0.0193621867881549
0 0.76796875 0.7038724373576309 0.01328125 0.018223234624145785
0 0.81015625 0.89749430523918 0.015625 0.022779043280182234
0 0.24609375 0.23006833712984054 0.0203125 0.029612756264236904
0 0.3515625 0.26879271070615035 0.01484375 0.0193621867881549
0 0.31328125 0.4612756264236902 0.0125 0.02164009111617312
0 0.36875 0.5170842824601367 0.01484375 0.02164009111617312
0 0.30625 0.7027334851936219 0.01484375 0.02050113895216401
0 0.3015625 0.8826879271070615 0.01328125 0.0193621867881549
0 0.37578125 0.7949886104783599 0.0140625 0.02164009111617312