0 0.47890625 0.34738041002277903 0.01640625 0.023917995444191344
0 0.55390625 0.35990888382687924 0.02421875 0.03302961275626424
0 0.63203125 0.296127562642369 0.015625 0.022779043280182234
0 0.63046875 0.39749430523917995 0.015625 0.022779043280182234
0 0.55390625 0.4168564920273349 0.02421875 0.03302961275626424
0 0.5015625 0.4293849658314351 0.01953125 0.029612756264236904
0 0.43984375 0.41116173120728927 0.015625 0.02050113895216401
0 0.50390625 0.48177676537585423 0.01875 0.02847380410022779
0 0.5484375 0.5820045558086561 0.01796875 0.02619589977220957
0 0.48046875 0.5694760820045558 0.0125 0.018223234624145785
0 0.43359375 0.5478359908883826 0.01484375 0.025056947608200455
0 0.4875 0.6150341685649203 0.01328125 0.022779043280182234
0 0.55703125 0.7004555808656037 0.0140625 0.022779043280182234
0 0.475 0.6879271070615034 0.015625 0.02164009111617312
0 0.39609375 0.7072892938496583 0.01328125 0.017084282460136675
0 0.35546875 0.6321184510250569 0.01796875 0.02733485193621868
0 0.3609375 0.7004555808656037 0.015625 0.02164009111617312
0 0.36875 0.7391799544419134 0.01484375 0.022779043280182234
0 0.4765625 0.7460136674259681 0.01875 0.023917995444191344
0 0.42421875 0.7710706150341685 0.01796875 0.02619589977220957
0 0.3875 0.8075170842824602 0.01484375 0.02733485193621868
0 0.52109375 0.7813211845102506 0.01953125 0.025056947608200455
0 0.60859375 0.7460136674259681 0.0171875 0.022779043280182234
0 0.62421875 0.6469248291571754 0.0125 0.02050113895216401
0 0.67578125 0.6389521640091116 0.01640625 0.0193621867881549
0 0.671875 0.6890660592255126 0.0109375 0.02164009111617312
0 0.659375 0.7277904328018223 0.01484375 0.018223234624145785
0 0.65703125 0.755125284738041 0.01328125 0.017084282460136675
0 0.5421875 0.09681093394077449 0.01328125 0.022779043280182234
0 0.60703125 0.03986332574031891 0.015625 0.022779043280182234
0 0.6359375 0.018223234624145785 0.01953125 0.02847380410022779
0 0.6265625 0.07403189066059225 0.0171875 0.025056947608200455
0 0.5046875 0.02733485193621868 0.0171875 0.022779043280182234
0 0.63515625 0.14350797266514806 0.01484375 0.02050113895216401
0 0.609375 0.1571753986332574 0.01796875 0.02619589977220957
0 0.61171875 0.4988610478359909 0.01640625 0.02164009111617312
0 0.30703125 0.36104783599088835 0.01328125 0.02164009111617312
0 0.2484375 0.4293849658314351 0.0140625 0.022779043280182234
0 0.28828125 0.5364464692482915 0.01640625 0.023917995444191344
0 0.2265625 0.5626423690205011 0.01953125 0.02733485193621868
0 0.18671875 0.46583143507972663 0.01640625 0.023917995444191344
0 0.221875 0.29157175398633256 0.0125 0.023917995444191344
0 0.303125 0.18792710706150342 0.01875 0.02050113895216401
0 0.36015625 0.2972665148063781 0.02109375 0.030751708428246014
0 0.35546875 0.42369020501138954 0.01640625 0.022779043280182234
0 0.76015625 0.44760820045558086 0.01953125 0.02619589977220957
0 0.87421875 0.41116173120728927 0.0125 0.02164009111617312
0 0.88828125 0.46810933940774485 0.01953125 0.030751708428246014
0 0.8328125 0.6753986332574032 0.01953125 0.02164009111617312
0 0.77421875 0.6343963553530751 0.01875 0.025056947608200455