0 0.62578125 0.022779043280182234 0.01484375 0.02164009111617312
0 0.6203125 0.20045558086560364 0.01640625 0.025056947608200455
0 0.6171875 0.35990888382687924 0.0203125 0.02733485193621868
0 0.6078125 0.46810933940774485 0.015625 0.023917995444191344
0 0.596875 0.693621867881549 0.02421875 0.03189066059225513
0 0.60625 0.8599088838268792 0.015625 0.022779043280182234
0 0.60703125 0.989749430523918 0.0171875 0.0193621867881549
0 0.46171875 0.0193621867881549 0.015625 0.02619589977220957
0 0.47890625 0.13553530751708429 0.015625 0.02164009111617312
0 0.4515625 0.224373576309795 0.01484375 0.02619589977220957
0 0.4640625 0.33940774487471526 0.0140625 0.023917995444191344
0 0.453125 0.5615034168564921 0.0171875 0.02164009111617312
0 0.45546875 0.7255125284738041 0.01953125 0.02733485193621868
0 0.46328125 0.8838268792710706 0.01640625 0.02050113895216401
0 0.4 0.9829157175398633 0.01640625 0.022779043280182234
0 0.1109375 0.06036446469248292 0.02421875 0.03644646924829157
0 0.12421875 0.1469248291571754 0.01640625 0.022779043280182234
0 0.11015625 0.35193621867881547 0.01640625 0.025056947608200455
0 0.11328125 0.48291571753986334 0.01640625 0.023917995444191344
0 0.12109375 0.5763097949886105 0.0140625 0.022779043280182234
0 0.14140625 0.7585421412300684 0.015625 0.02164009111617312
0 0.15703125 0.8667425968109339 0.015625 0.02164009111617312
0 0.10390625 0.9851936218678815 0.01640625 0.02164009111617312
0 0.34609375 0.835990888382688 0.0171875 0.025056947608200455
0 0.33515625 0.6674259681093394 0.0140625 0.0193621867881549
0 0.35703125 0.48405466970387245 0.01875 0.02733485193621868
0 0.3515625 0.265375854214123 0.015625 0.022779043280182234
0 0.3265625 0.06492027334851937 0.01484375 0.025056947608200455
0 0.259375 0.2835990888382688 0.01796875 0.02733485193621868
0 0.25 0.4123006833712984 0.0203125 0.029612756264236904