0 0.5296875 0.4908883826879271 0.01640625 0.022779043280182234
0 0.4359375 0.5045558086560364 0.01796875 0.025056947608200455
0 0.33515625 0.5 0.01640625 0.023917995444191344
0 0.3296875 0.4009111617312073 0.015625 0.02164009111617312
0 0.32578125 0.30182232346241455 0.01328125 0.018223234624145785
0 0.32578125 0.1958997722095672 0.01796875 0.025056947608200455
0 0.3234375 0.08314350797266515 0.015625 0.022779043280182234
0 0.328125 0.6719817767653758 0.01484375 0.0193621867881549
0 0.2796875 0.6480637813211845 0.01796875 0.022779043280182234
0 0.3828125 0.623006833712984 0.01328125 0.0193621867881549
0 0.33984375 0.5820045558086561 0.01484375 0.02050113895216401
0 0.2484375 0.5842824601366743 0.0140625 0.023917995444191344
0 0.28515625 0.4544419134396355 0.0171875 0.02619589977220957
0 0.25703125 0.38610478359908884 0.015625 0.023917995444191344
0 0.265625 0.30296127562642367 0.01796875 0.023917995444191344
0 0.25234375 0.10250569476082004 0.0203125 0.02619589977220957
0 0.92109375 0.09225512528473805 0.01875 0.02619589977220957
0 0.921875 0.22892938496583143 0.01328125 0.018223234624145785
0 0.9140625 0.33940774487471526 0.0140625 0.018223234624145785
0 0.92734375 0.44646924829157175 0.01640625 0.02164009111617312
0 0.92578125 0.5626423690205011 0.01328125 0.018223234624145785
0 0.9140625 0.6400911161731208 0.0171875 0.02733485193621868
0 0.9171875 0.7835990888382688 0.01875 0.02619589977220957
0 0.92734375 0.929384965831435 0.01484375 0.023917995444191344
0 0.88515625 0.9339407744874715 0.0140625 0.0193621867881549
0 0.86328125 0.8451025056947609 0.01484375 0.023917995444191344
0 0.840625 0.7175398633257403 0.0140625 0.0193621867881549
0 0.8453125 0.5763097949886105 0.01328125 0.02050113895216401
0 0.85234375 0.46810933940774485 0.0140625 0.0193621867881549
0 0.84453125 0.4009111617312073 0.01796875 0.02619589977220957