0 0.04765625 0.05922551252847381 0.01484375 0.023917995444191344
0 0.04765625 0.20842824601366744 0.0171875 0.025056947608200455
0 0.053125 0.3132118451025057 0.01640625 0.025056947608200455
0 0.0671875 0.46583143507972663 0.0140625 0.023917995444191344
0 0.0796875 0.5968109339407744 0.01328125 0.02050113895216401
0 0.07109375 0.6856492027334852 0.0125 0.02050113895216401
0 0.07265625 0.8712984054669703 0.01328125 0.02050113895216401
0 0.08203125 0.9305239179954442 0.01328125 0.02164009111617312
0 0.1921875 0.9578587699316629 0.0140625 0.02050113895216401
0 0.1734375 0.7767653758542141 0.0140625 0.017084282460136675
0 0.171875 0.6400911161731208 0.01640625 0.02164009111617312
0 0.1671875 0.42369020501138954 0.01328125 0.023917995444191344
0 0.17109375 0.3132118451025057 0.01328125 0.02164009111617312
0 0.26875 0.29043280182232345 0.01640625 0.02619589977220957
0 0.26328125 0.417995444191344 0.01640625 0.02619589977220957
0 0.25390625 0.5899772209567198 0.01484375 0.0193621867881549
0 0.2578125 0.6981776765375854 0.01328125 0.02164009111617312
0 0.25625 0.8473804100227791 0.0140625 0.02164009111617312
0 0.3359375 0.8656036446469249 0.01484375 0.022779043280182234
0 0.353125 0.7175398633257403 0.02109375 0.03189066059225513
0 0.35078125 0.5580865603644647 0.0140625 0.025056947608200455
0 0.346875 0.4157175398633257 0.015625 0.022779043280182234
0 0.34921875 0.2505694760820046 0.01328125 0.02050113895216401
0 0.34140625 0.09339407744874716 0.01328125 0.0193621867881549
0 0.54921875 0.18792710706150342 0.01953125 0.02847380410022779
0 0.5625 0.3929384965831435 0.0125 0.018223234624145785
0 0.5453125 0.4806378132118451 0.015625 0.025056947608200455
0 0.5671875 0.571753986332574 0.01484375 0.02050113895216401
0 0.55234375 0.6685649202733486 0.01328125 0.02050113895216401
0 0.575 0.7699316628701595 0.0171875 0.02733485193621868
0 0.57109375 0.928246013667426 0.015625 0.02164009111617312