0 0.55078125 0.4988610478359909 0.01796875 0.025056947608200455
0 0.5546875 0.3792710706150342 0.01328125 0.02164009111617312
0 0.534375 0.2938496583143508 0.0140625 0.02050113895216401
0 0.553125 0.19817767653758542 0.02109375 0.02847380410022779
0 0.52890625 0.08428246013667426 0.01328125 0.02050113895216401
0 0.45078125 0.09453302961275627 0.0203125 0.029612756264236904
0 0.46953125 0.3451025056947608 0.015625 0.023917995444191344
0 0.46953125 0.5045558086560364 0.0171875 0.02619589977220957
0 0.496875 0.60250569476082 0.0203125 0.02847380410022779
0 0.515625 0.7403189066059226 0.0140625 0.0193621867881549
0 0.51796875 0.8667425968109339 0.0171875 0.02619589977220957
0 0.51171875 0.9760820045558086 0.01484375 0.02164009111617312
0 0.5984375 0.9863325740318907 0.021875 0.02733485193621868
0 0.603125 0.7779043280182233 0.0171875 0.022779043280182234
0 0.61171875 0.6503416856492027 0.01328125 0.02050113895216401
0 0.61640625 0.5660592255125285 0.015625 0.022779043280182234
0 0.215625 0.6047835990888383 0.015625 0.02733485193621868
0 0.2203125 0.4863325740318907 0.015625 0.023917995444191344
0 0.1609375 0.39863325740318906 0.02265625 0.0387243735763098
0 0.19765625 0.2630979498861048 0.02109375 0.030751708428246014
0 0.19140625 0.12186788154897495 0.01796875 0.02619589977220957
0 0.1046875 0.030751708428246014 0.028125 0.04669703872437358
0 0.06953125 0.2437357630979499 0.025 0.04100227790432802
0 0.09453125 0.37699316628701596 0.01640625 0.025056947608200455
0 0.11953125 0.5763097949886105 0.0171875 0.029612756264236904
0 0.13046875 0.7209567198177677 0.01640625 0.025056947608200455
0 0.14140625 0.8656036446469249 0.01484375 0.022779043280182234
0 0.1421875 0.9783599088838268 0.0203125 0.02619589977220957
0 0.28515625 0.9863325740318907 0.015625 0.0193621867881549