0 0.296875 0.5250569476082004 0.0109375 0.015945330296127564
0 0.29453125 0.2437357630979499 0.0203125 0.03189066059225513
0 0.3421875 0.8405466970387244 0.01328125 0.02050113895216401
0 0.3015625 0.8587699316628702 0.0171875 0.025056947608200455
0 0.653125 0.8872437357630979 0.01328125 0.02050113895216401
0 0.79921875 0.9111617312072893 0.01484375 0.022779043280182234
0 0.86953125 0.5478359908883826 0.01328125 0.0193621867881549
0 0.9328125 0.7562642369020501 0.021875 0.03189066059225513
0 0.93828125 0.9464692482915718 0.01484375 0.02164009111617312
0 0.13359375 0.17312072892938496 0.01640625 0.02847380410022779
0 0.09765625 0.26765375854214124 0.0109375 0.015945330296127564
0 0.09296875 0.3929384965831435 0.01328125 0.02050113895216401
0 0.10234375 0.5569476082004556 0.0109375 0.017084282460136675
0 0.16484375 0.5854214123006833 0.0140625 0.02164009111617312
0 0.20234375 0.6526195899772209 0.0109375 0.014806378132118452
0 0.2359375 0.7471526195899773 0.0109375 0.017084282460136675
0 0.12265625 0.8348519362186788 0.021875 0.03189066059225513
0 0.2234375 0.9191343963553531 0.0296875 0.04441913439635535
0 0.50625 0.7255125284738041 0.0125 0.014806378132118452
0 0.50859375 0.8302961275626424 0.01171875 0.02050113895216401
0 0.4671875 0.89749430523918 0.0140625 0.02164009111617312
0 0.50703125 0.5990888382687927 0.015625 0.022779043280182234
0 0.50625 0.5136674259681093 0.01484375 0.0193621867881549
0 0.39921875 0.15375854214123008 0.01171875 0.018223234624145785
0 0.49453125 0.3439635535307517 0.0125 0.02050113895216401
0 0.56484375 0.44533029612756264 0.0109375 0.017084282460136675
0 0.63671875 0.5569476082004556 0.0140625 0.02164009111617312
0 0.66171875 0.6298405466970387 0.01171875 0.0193621867881549
0 0.578125 0.785876993166287 0.015625 0.022779043280182234
0 0.596875 0.9202733485193622 0.01796875 0.02847380410022779