0 0.5 0.8929384965831435 0.0140625 0.025056947608200455
0 0.49765625 0.7517084282460137 0.01484375 0.02050113895216401
0 0.49375 0.6104783599088838 0.01640625 0.022779043280182234
0 0.49453125 0.4874715261958998 0.01640625 0.025056947608200455
0 0.4546875 0.34965831435079725 0.01953125 0.029612756264236904
0 0.446875 0.18109339407744876 0.01640625 0.023917995444191344
0 0.49375 0.06947608200455581 0.0140625 0.02050113895216401
0 0.36328125 0.05353075170842825 0.01640625 0.022779043280182234
0 0.35234375 0.20045558086560364 0.015625 0.02164009111617312
0 0.36875 0.35193621867881547 0.015625 0.02050113895216401
0 0.36796875 0.5273348519362187 0.01953125 0.02733485193621868
0 0.36796875 0.591116173120729 0.015625 0.025056947608200455
0 0.3796875 0.7460136674259681 0.0171875 0.022779043280182234
0 0.38203125 0.8917995444191344 0.01796875 0.025056947608200455
0 0.43046875 0.9168564920273349 0.01484375 0.023917995444191344
0 0.5390625 0.9601366742596811 0.02109375 0.02619589977220957
0 0.57265625 0.7585421412300684 0.01640625 0.022779043280182234
0 0.56953125 0.6651480637813212 0.01640625 0.02619589977220957
0 0.5703125 0.5125284738041003 0.01640625 0.02733485193621868
0 0.5609375 0.4191343963553531 0.0171875 0.02847380410022779
0 0.54609375 0.296127562642369 0.01640625 0.025056947608200455
0 0.52578125 0.16059225512528474 0.0140625 0.02164009111617312
0 0.575 0.16400911161731208 0.0171875 0.025056947608200455
0 0.5734375 0.08086560364464693 0.02109375 0.030751708428246014
0 0.5734375 0.0056947608200455585 0.01953125 0.011389521640091117
0 0.634375 0.275626423690205 0.021875 0.029612756264236904
0 0.62578125 0.3826879271070615 0.015625 0.02164009111617312