0 0.4921875 0.5068337129840547 0.01640625 0.02733485193621868
0 0.51171875 0.7004555808656037 0.0140625 0.0193621867881549
0 0.50703125 0.7927107061503417 0.01484375 0.02050113895216401
0 0.503125 0.8929384965831435 0.0140625 0.02164009111617312
0 0.58515625 0.8041002277904328 0.01796875 0.025056947608200455
0 0.5859375 0.664009111617312 0.0125 0.02164009111617312
0 0.56875 0.5250569476082004 0.01796875 0.025056947608200455
0 0.525 0.4145785876993166 0.01484375 0.023917995444191344
0 0.478125 0.2266514806378132 0.0171875 0.023917995444191344
0 0.47578125 0.06150341685649203 0.015625 0.022779043280182234
0 0.38125 0.09453302961275627 0.01640625 0.02164009111617312
0 0.39296875 0.2255125284738041 0.01875 0.02619589977220957
0 0.3625 0.42596810933940776 0.015625 0.02164009111617312
0 0.371875 0.5159453302961275 0.0140625 0.02164009111617312
0 0.37578125 0.6207289293849658 0.01328125 0.02050113895216401
0 0.39140625 0.744874715261959 0.015625 0.02050113895216401
0 0.40234375 0.8120728929384966 0.01484375 0.0193621867881549
0 0.40390625 0.9521640091116174 0.0140625 0.02050113895216401
0 0.87421875 0.9168564920273349 0.01875 0.030751708428246014
0 0.865625 0.7312072892938497 0.0171875 0.02847380410022779
0 0.87265625 0.5797266514806378 0.01640625 0.022779043280182234
0 0.871875 0.41002277904328016 0.02421875 0.0387243735763098
0 0.96796875 0.45785876993166286 0.0140625 0.02050113895216401
0 0.94453125 0.3462414578587699 0.01953125 0.02847380410022779
0 0.875 0.20273348519362186 0.01875 0.02619589977220957
0 0.82734375 0.05353075170842825 0.0234375 0.029612756264236904
0 0.76953125 0.22779043280182232 0.021875 0.030751708428246014
0 0.7625 0.37471526195899774 0.01484375 0.023917995444191344
0 0.77265625 0.5831435079726651 0.0140625 0.0193621867881549
0 0.78828125 0.7107061503416856 0.01953125 0.02847380410022779