0 0.484375 0.5022779043280182 0.015625 0.02619589977220957
0 0.503125 0.6856492027334852 0.01328125 0.018223234624145785
0 0.4984375 0.7733485193621867 0.0140625 0.0193621867881549
0 0.49453125 0.8690205011389521 0.01328125 0.02050113895216401
0 0.57265625 0.784738041002278 0.0171875 0.023917995444191344
0 0.5734375 0.6514806378132119 0.0125 0.02050113895216401
0 0.5578125 0.5193621867881549 0.0171875 0.023917995444191344
0 0.515625 0.4134396355353075 0.0140625 0.022779043280182234
0 0.47109375 0.23348519362186787 0.01640625 0.022779043280182234
0 0.46875 0.07630979498861047 0.01484375 0.02164009111617312
0 0.378125 0.10933940774487472 0.015625 0.02050113895216401
0 0.38984375 0.23348519362186787 0.0171875 0.025056947608200455
0 0.3609375 0.42482915717539865 0.01484375 0.02050113895216401
0 0.36953125 0.510250569476082 0.01328125 0.02050113895216401
0 0.3734375 0.6104783599088838 0.0125 0.0193621867881549
0 0.38828125 0.7289293849658315 0.01484375 0.0193621867881549
0 0.39921875 0.7927107061503417 0.0140625 0.018223234624145785
0 0.4 0.9259681093394078 0.0140625 0.0193621867881549
0 0.8484375 0.8929384965831435 0.01796875 0.02847380410022779
0 0.840625 0.715261958997722 0.01640625 0.02733485193621868
0 0.846875 0.570615034168565 0.015625 0.02164009111617312
0 0.846875 0.40888382687927105 0.02265625 0.03644646924829157
0 0.9375 0.4544419134396355 0.01328125 0.0193621867881549
0 0.91640625 0.34851936218678814 0.01875 0.02619589977220957
0 0.84921875 0.21184510250569477 0.01796875 0.025056947608200455
0 0.8046875 0.06947608200455581 0.021875 0.02847380410022779
0 0.74921875 0.2357630979498861 0.0203125 0.02847380410022779
0 0.74296875 0.37585421412300685 0.0140625 0.022779043280182234
0 0.7515625 0.5740318906605922 0.01328125 0.018223234624145785
0 0.7671875 0.6958997722095672 0.01875 0.02733485193621868