0 0.628125 0.958997722095672 0.015625 0.023917995444191344
0 0.67265625 0.7687927107061503 0.0203125 0.02733485193621868
0 0.625 0.6970387243735763 0.025 0.0387243735763098
0 0.6140625 0.489749430523918 0.01484375 0.023917995444191344
0 0.79296875 0.3929384965831435 0.015625 0.022779043280182234
0 0.74609375 0.26651480637813213 0.02578125 0.04328018223234624
0 0.640625 0.23120728929384965 0.01328125 0.023917995444191344
0 0.48671875 0.715261958997722 0.015625 0.022779043280182234
0 0.4765625 0.8428246013667426 0.015625 0.023917995444191344
0 0.5234375 0.94874715261959 0.01484375 0.02050113895216401
0 0.29609375 0.9271070615034168 0.01796875 0.02847380410022779
0 0.36953125 0.8917995444191344 0.01640625 0.02164009111617312
0 0.7609375 0.05808656036446469 0.0234375 0.03416856492027335
0 0.10703125 0.12870159453302962 0.015625 0.023917995444191344
0 0.08359375 0.1970387243735763 0.01640625 0.02847380410022779
0 0.0328125 0.3428246013667426 0.01875 0.02733485193621868
0 0.09453125 0.4305239179954442 0.02421875 0.03530751708428246
0 0.11796875 0.6013667425968109 0.0171875 0.02847380410022779
0 0.03203125 0.6503416856492027 0.01640625 0.02619589977220957
0 0.0390625 0.8302961275626424 0.02421875 0.03758542141230068
0 0.17109375 0.9703872437357631 0.0171875 0.02847380410022779
0 0.0515625 0.989749430523918 0.0125 0.02050113895216401
0 0.24609375 0.5831435079726651 0.01640625 0.02164009111617312
0 0.2515625 0.2266514806378132 0.01796875 0.02733485193621868
0 0.49921875 0.2505694760820046 0.01640625 0.022779043280182234
0 0.4671875 0.42482915717539865 0.01640625 0.025056947608200455
0 0.40546875 0.46810933940774485 0.01484375 0.02164009111617312
0 0.396875 0.6594533029612756 0.01484375 0.023917995444191344