0 0.4765625 0.49544419134396356 0.01875 0.02847380410022779
0 0.3984375 0.6161731207289294 0.025 0.03530751708428246
0 0.45625 0.7687927107061503 0.01640625 0.02847380410022779
0 0.45 0.9202733485193622 0.01640625 0.023917995444191344
0 0.540625 0.9612756264236902 0.01484375 0.02050113895216401
0 0.55 0.7357630979498861 0.01640625 0.025056947608200455
0 0.51640625 0.642369020501139 0.01640625 0.023917995444191344
0 0.47578125 0.26765375854214124 0.015625 0.02050113895216401
0 0.4546875 0.1275626423690205 0.01875 0.02619589977220957
0 0.4640625 0.010250569476082005 0.01875 0.02050113895216401
0 0.39609375 0.0193621867881549 0.01875 0.02733485193621868
0 0.36640625 0.13439635535307518 0.015625 0.022779043280182234
0 0.38125 0.21184510250569477 0.02109375 0.02847380410022779
0 0.3484375 0.3223234624145786 0.0140625 0.02050113895216401
0 0.39609375 0.5011389521640092 0.0171875 0.025056947608200455
0 0.384375 0.8223234624145785 0.0140625 0.0193621867881549
0 0.3890625 0.9601366742596811 0.01640625 0.025056947608200455
0 0.509375 0.8280182232346242 0.01640625 0.023917995444191344
0 0.75078125 0.7892938496583144 0.0140625 0.02164009111617312
0 0.74296875 0.8940774487471527 0.01796875 0.02847380410022779
0 0.7640625 0.9772209567198178 0.0171875 0.023917995444191344
0 0.746875 0.6275626423690205 0.01640625 0.025056947608200455
0 0.72109375 0.489749430523918 0.0125 0.02164009111617312
0 0.71796875 0.32801822323462415 0.015625 0.023917995444191344
0 0.74765625 0.21184510250569477 0.0203125 0.029612756264236904
0 0.7453125 0.017084282460136675 0.01484375 0.02050113895216401
0 0.80234375 0.06150341685649203 0.015625 0.023917995444191344
0 0.7734375 0.4214123006833713 0.0171875 0.025056947608200455
0 0.81171875 0.5820045558086561 0.02265625 0.03302961275626424
0 0.79765625 0.7072892938496583 0.02109375 0.029612756264236904
0 0.79296875 0.8895216400911162 0.0140625 0.02164009111617312
0 0.625 0.8986332574031891 0.015625 0.02050113895216401
0 0.65859375 0.7198177676537585 0.01484375 0.0193621867881549
0 0.63515625 0.6309794988610479 0.0171875 0.023917995444191344
0 0.62109375 0.4316628701594533 0.0125 0.0193621867881549
0 0.62734375 0.3120728929384966 0.015625 0.02164009111617312