0 0.5734375 0.5558086560364465 0.0203125 0.03302961275626424
0 0.53046875 0.5489749430523918 0.0171875 0.02619589977220957
0 0.5515625 0.5455580865603644 0.01875 0.030751708428246014
0 0.56171875 0.6150341685649203 0.01953125 0.03302961275626424
0 0.57734375 0.6343963553530751 0.0171875 0.023917995444191344
0 0.528125 0.6150341685649203 0.01484375 0.02164009111617312
0 0.51015625 0.6150341685649203 0.01640625 0.02619589977220957
0 0.5484375 0.6526195899772209 0.0140625 0.018223234624145785
0 0.56015625 0.6685649202733486 0.0140625 0.023917995444191344
0 0.6234375 0.6788154897494305 0.02421875 0.03644646924829157
0 0.59765625 0.6742596810933941 0.01796875 0.025056947608200455
0 0.6140625 0.6195899772209568 0.0234375 0.0387243735763098
0 0.62109375 0.5683371298405467 0.0140625 0.02164009111617312
0 0.65 0.571753986332574 0.015625 0.02164009111617312
0 0.4859375 0.5876993166287016 0.01875 0.02733485193621868
0 0.50546875 0.6412300683371298 0.01796875 0.02733485193621868
0 0.509375 0.4908883826879271 0.01875 0.02619589977220957
0 0.553125 0.5125284738041003 0.01953125 0.03189066059225513
0 0.50625 0.5193621867881549 0.01640625 0.025056947608200455
0 0.5203125 0.3929384965831435 0.0171875 0.025056947608200455
0 0.5359375 0.4054669703872437 0.0171875 0.02619589977220957
0 0.4890625 0.4145785876993166 0.0140625 0.02164009111617312
0 0.52890625 0.43621867881548976 0.015625 0.022779043280182234
0 0.5984375 0.4521640091116173 0.0203125 0.02847380410022779
0 0.6203125 0.4544419134396355 0.01953125 0.03302961275626424
0 0.60625 0.5 0.01640625 0.023917995444191344
0 0.55390625 0.4635535307517084 0.01640625 0.023917995444191344
0 0.565625 0.3804100227790433 0.01796875 0.02619589977220957
0 0.5828125 0.3200455580865604 0.01875 0.02619589977220957
0 0.5484375 0.3086560364464693 0.021875 0.030751708428246014
0 0.56875 0.2733485193621868 0.0171875 0.023917995444191344
0 0.6140625 0.29271070615034167 0.01875 0.02733485193621868
0 0.6109375 0.3690205011389522 0.01640625 0.02050113895216401
0 0.6359375 0.3712984054669704 0.015625 0.0193621867881549
0 0.66640625 0.39749430523917995 0.01640625 0.022779043280182234
0 0.66640625 0.4908883826879271 0.015625 0.02050113895216401
0 0.66328125 0.5387243735763098 0.01484375 0.02050113895216401
0 0.659375 0.6321184510250569 0.0140625 0.02050113895216401
0 0.64765625 0.5945330296127562 0.01640625 0.022779043280182234
0 0.68046875 0.5751708428246014 0.01796875 0.02619589977220957
0 0.69609375 0.5876993166287016 0.01484375 0.02619589977220957
0 0.67578125 0.6252847380410023 0.01796875 0.02619589977220957
0 0.62265625 0.5899772209567198 0.015625 0.023917995444191344
0 0.63359375 0.6298405466970387 0.015625 0.025056947608200455
0 0.67109375 0.4430523917995444 0.02109375 0.02847380410022779
0 0.640625 0.417995444191344 0.015625 0.0193621867881549
0 0.63984375 0.44419134396355353 0.01796875 0.02619589977220957
0 0.65234375 0.4772209567198178 0.01796875 0.02619589977220957
0 0.63671875 0.5136674259681093 0.0140625 0.022779043280182234
0 0.5953125 0.5444191343963554 0.01484375 0.02164009111617312