0 0.46328125 0.8701594533029613 0.01640625 0.025056947608200455
0 0.48828125 0.693621867881549 0.01484375 0.02164009111617312
0 0.5234375 0.5034168564920274 0.01484375 0.022779043280182234
0 0.40546875 0.3735763097949886 0.025 0.03530751708428246
0 0.4859375 0.18223234624145787 0.01328125 0.0193621867881549
0 0.4546875 0.03758542141230068 0.0125 0.018223234624145785
0 0.5953125 0.28929384965831434 0.015625 0.023917995444191344
0 0.5625 0.6275626423690205 0.0140625 0.02164009111617312
0 0.54609375 0.8382687927107062 0.0140625 0.02164009111617312
0 0.40625 0.8075170842824602 0.015625 0.02164009111617312
0 0.39609375 0.6651480637813212 0.0125 0.0193621867881549
0 0.3109375 0.6902050113895216 0.0171875 0.02733485193621868
0 0.08046875 0.4612756264236902 0.01328125 0.022779043280182234
0 0.08203125 0.21184510250569477 0.01796875 0.030751708428246014
0 0.07109375 0.09339407744874716 0.01953125 0.02847380410022779
0 0.090625 0.8029612756264237 0.01328125 0.02050113895216401
0 0.08984375 0.9521640091116174 0.0125 0.0193621867881549
0 0.2328125 0.9214123006833713 0.0140625 0.0193621867881549
0 0.22109375 0.7414578587699316 0.01328125 0.02050113895216401
0 0.178125 0.6583143507972665 0.0125 0.018223234624145785
0 0.1859375 0.4601366742596811 0.01328125 0.0193621867881549
0 0.23125 0.2972665148063781 0.01328125 0.018223234624145785
0 0.18828125 0.10250569476082004 0.015625 0.023917995444191344
0 0.75546875 0.7744874715261959 0.0203125 0.029612756264236904
0 0.64921875 0.734624145785877 0.01484375 0.0193621867881549
0 0.68828125 0.541002277904328 0.0125 0.022779043280182234
0 0.63203125 0.48519362186788156 0.01484375 0.02164009111617312
0 0.69453125 0.29954441913439633 0.01484375 0.02050113895216401
0 0.7 0.11731207289293849 0.01328125 0.02050113895216401
0 0.625 0.2061503416856492 0.0140625 0.02164009111617312