0 0.44609375 0.5068337129840547 0.0171875 0.023917995444191344
0 0.4421875 0.6207289293849658 0.0125 0.02050113895216401
0 0.46171875 0.7027334851936219 0.01328125 0.0193621867881549
0 0.44375 0.7949886104783599 0.0203125 0.02733485193621868
0 0.4671875 0.9043280182232346 0.0125 0.02050113895216401
0 0.5421875 0.8940774487471527 0.01953125 0.02847380410022779
0 0.52421875 0.6537585421412301 0.01484375 0.023917995444191344
0 0.52421875 0.5011389521640092 0.01640625 0.025056947608200455
0 0.4984375 0.40774487471526194 0.01875 0.02733485193621868
0 0.4796875 0.2744874715261959 0.01328125 0.018223234624145785
0 0.478125 0.15375854214123008 0.01640625 0.025056947608200455
0 0.48359375 0.0489749430523918 0.0140625 0.02050113895216401
0 0.40078125 0.0387243735763098 0.0203125 0.02733485193621868
0 0.396875 0.23917995444191345 0.01640625 0.02164009111617312
0 0.3875 0.36104783599088835 0.01328125 0.02050113895216401
0 0.38359375 0.4419134396355353 0.01484375 0.02164009111617312
0 0.76796875 0.4054669703872437 0.01484375 0.02619589977220957
0 0.76328125 0.5182232346241458 0.01484375 0.022779043280182234
0 0.8203125 0.60250569476082 0.021875 0.03758542141230068
0 0.784375 0.7323462414578588 0.0203125 0.029612756264236904
0 0.790625 0.8678815489749431 0.0171875 0.025056947608200455
0 0.87421875 0.9555808656036446 0.02734375 0.04441913439635535
0 0.9078125 0.7517084282460137 0.02421875 0.03986332574031891
0 0.88359375 0.623006833712984 0.01640625 0.023917995444191344
0 0.86015625 0.4328018223234624 0.01640625 0.02733485193621868
0 0.84921875 0.2938496583143508 0.01640625 0.023917995444191344
0 0.8390625 0.1548974943052392 0.0140625 0.022779043280182234
0 0.83828125 0.04669703872437358 0.01875 0.025056947608200455
0 0.70078125 0.03986332574031891 0.01484375 0.0193621867881549
0 0.7375 0.017084282460136675 0.01640625 0.022779043280182234