0 0.68203125 0.4760820045558087 0.0125 0.018223234624145785
0 0.684375 0.16059225512528474 0.02265625 0.03530751708428246
0 0.63203125 0.8291571753986332 0.01484375 0.022779043280182234
0 0.6765625 0.8496583143507973 0.01953125 0.02847380410022779
0 0.284375 0.8815489749430524 0.015625 0.022779043280182234
0 0.1203125 0.907744874715262 0.0171875 0.025056947608200455
0 0.04140625 0.5022779043280182 0.01484375 0.02164009111617312
0 0.86484375 0.08200455580865604 0.01875 0.03189066059225513
0 0.9046875 0.18792710706150342 0.01171875 0.018223234624145785
0 0.91015625 0.32801822323462415 0.01484375 0.022779043280182234
0 0.9 0.5125284738041003 0.0125 0.0193621867881549
0 0.8296875 0.5444191343963554 0.015625 0.023917995444191344
0 0.7875 0.6195899772209568 0.0125 0.017084282460136675
0 0.75078125 0.7255125284738041 0.0125 0.0193621867881549
0 0.8765625 0.8223234624145785 0.02421875 0.03644646924829157
0 0.7640625 0.9168564920273349 0.03359375 0.0489749430523918
0 0.4484375 0.7004555808656037 0.01328125 0.017084282460136675
0 0.4453125 0.816628701594533 0.0125 0.022779043280182234
0 0.49140625 0.8929384965831435 0.015625 0.023917995444191344
0 0.446875 0.5592255125284739 0.0171875 0.025056947608200455
0 0.44765625 0.4635535307517084 0.01640625 0.02164009111617312
0 0.56796875 0.06036446469248292 0.01328125 0.02050113895216401
0 0.4609375 0.2733485193621868 0.0140625 0.022779043280182234
0 0.3828125 0.38724373576309795 0.0125 0.0193621867881549
0 0.3015625 0.5113895216400911 0.015625 0.025056947608200455
0 0.27421875 0.5933940774487472 0.01328125 0.02164009111617312
0 0.36796875 0.7676537585421412 0.0171875 0.025056947608200455
0 0.346875 0.9179954441913439 0.01953125 0.03189066059225513