0 0.4875 0.5341685649202733 0.01484375 0.02164009111617312
0 0.5015625 0.4009111617312073 0.0140625 0.022779043280182234
0 0.5265625 0.30751708428246016 0.01328125 0.02164009111617312
0 0.528125 0.1765375854214123 0.01640625 0.022779043280182234
0 0.46796875 0.2517084282460137 0.01484375 0.02164009111617312
0 0.403125 0.3906605922551253 0.01640625 0.023917995444191344
0 0.32734375 0.47380410022779046 0.0125 0.02164009111617312
0 0.396875 0.5660592255125285 0.01328125 0.02164009111617312
0 0.403125 0.662870159453303 0.0140625 0.02050113895216401
0 0.45234375 0.7357630979498861 0.015625 0.023917995444191344
0 0.45 0.856492027334852 0.0140625 0.022779043280182234
0 0.44921875 0.9476082004555809 0.01953125 0.025056947608200455
0 0.48671875 0.9817767653758542 0.01484375 0.022779043280182234
0 0.35390625 0.17995444191343962 0.01484375 0.025056947608200455
0 0.428125 0.12300683371298406 0.0171875 0.025056947608200455
0 0.5234375 0.07175398633257403 0.015625 0.022779043280182234
0 0.13984375 0.11617312072892938 0.01796875 0.025056947608200455
0 0.14140625 0.2164009111617312 0.0140625 0.02164009111617312
0 0.1375 0.35876993166287013 0.01484375 0.02050113895216401
0 0.13984375 0.4293849658314351 0.01640625 0.02619589977220957
0 0.1265625 0.6013667425968109 0.01796875 0.02733485193621868
0 0.1234375 0.7061503416856492 0.01953125 0.02619589977220957
0 0.1140625 0.8280182232346242 0.01875 0.025056947608200455
0 0.12265625 0.9464692482915718 0.01640625 0.023917995444191344
0 0.03671875 0.9965831435079726 0.0171875 0.00683371298405467
0 0.0296875 0.8701594533029613 0.0171875 0.023917995444191344
0 0.034375 0.7255125284738041 0.0171875 0.025056947608200455
0 0.03359375 0.5159453302961275 0.01328125 0.02164009111617312
0 0.03828125 0.357630979498861 0.01796875 0.02733485193621868