0 0.446875 0.5079726651480638 0.0140625 0.022779043280182234
0 0.44375 0.36104783599088835 0.01484375 0.02847380410022779
0 0.43046875 0.0785876993166287 0.015625 0.02164009111617312
0 0.50078125 0.10022779043280182 0.0140625 0.0193621867881549
0 0.51015625 0.23006833712984054 0.0140625 0.02050113895216401
0 0.58671875 0.3052391799544419 0.01953125 0.02733485193621868
0 0.56015625 0.42369020501138954 0.0125 0.02164009111617312
0 0.5421875 0.5888382687927107 0.02421875 0.03530751708428246
0 0.40546875 0.6366742596810934 0.021875 0.030751708428246014
0 0.5203125 0.7323462414578588 0.0140625 0.02050113895216401
0 0.50859375 0.9009111617312073 0.01484375 0.022779043280182234
0 0.815625 0.8154897494305239 0.01328125 0.02164009111617312
0 0.8390625 0.9316628701594533 0.0140625 0.02164009111617312
0 0.82734375 0.6799544419134397 0.01640625 0.02733485193621868
0 0.83046875 0.5330296127562643 0.01484375 0.02164009111617312
0 0.7703125 0.3940774487471526 0.01640625 0.022779043280182234
0 0.796875 0.21070615034168566 0.015625 0.022779043280182234
0 0.79609375 0.07175398633257403 0.01640625 0.02619589977220957
0 0.86015625 0.13895216400911162 0.0171875 0.023917995444191344
0 0.89375 0.20842824601366744 0.01484375 0.023917995444191344
0 0.9046875 0.3120728929384966 0.0140625 0.02050113895216401
0 0.89296875 0.43621867881548976 0.01328125 0.02164009111617312
0 0.9171875 0.5899772209567198 0.01953125 0.02619589977220957
0 0.8921875 0.6469248291571754 0.01640625 0.02619589977220957
0 0.9140625 0.8189066059225513 0.01484375 0.02164009111617312
0 0.909375 0.9407744874715261 0.01484375 0.0193621867881549
0 0.740625 0.8997722095671982 0.0171875 0.023917995444191344
0 0.74765625 0.714123006833713 0.0171875 0.02733485193621868
0 0.72265625 0.5660592255125285 0.01640625 0.023917995444191344
0 0.68125 0.3690205011389522 0.0140625 0.0193621867881549