0 0.475 0.4715261958997722 0.01796875 0.029612756264236904
0 0.5140625 0.4783599088838269 0.015625 0.023917995444191344
0 0.49453125 0.48177676537585423 0.01640625 0.02847380410022779
0 0.48515625 0.4191343963553531 0.0171875 0.029612756264236904
0 0.47109375 0.4020501138952164 0.01484375 0.02164009111617312
0 0.515625 0.4191343963553531 0.01328125 0.02050113895216401
0 0.53203125 0.4191343963553531 0.01484375 0.023917995444191344
0 0.49765625 0.38496583143507973 0.0125 0.017084282460136675
0 0.48671875 0.3701594533029613 0.0125 0.02164009111617312
0 0.4296875 0.36104783599088835 0.021875 0.03302961275626424
0 0.453125 0.36560364464692485 0.015625 0.02164009111617312
0 0.43828125 0.4145785876993166 0.02109375 0.03416856492027335
0 0.43203125 0.4601366742596811 0.01328125 0.02050113895216401
0 0.40546875 0.45785876993166286 0.0140625 0.0193621867881549
0 0.55390625 0.4430523917995444 0.01640625 0.023917995444191344
0 0.5359375 0.3952164009111617 0.015625 0.023917995444191344
0 0.53203125 0.5296127562642369 0.0171875 0.023917995444191344
0 0.49296875 0.510250569476082 0.0171875 0.02847380410022779
0 0.53515625 0.5045558086560364 0.01484375 0.022779043280182234
0 0.52265625 0.6184510250569476 0.015625 0.022779043280182234
0 0.50859375 0.6070615034168565 0.015625 0.023917995444191344
0 0.55078125 0.5990888382687927 0.0125 0.0193621867881549
0 0.51484375 0.5797266514806378 0.0140625 0.02050113895216401
0 0.45234375 0.5649202733485194 0.01796875 0.025056947608200455
0 0.4328125 0.5637813211845103 0.0171875 0.029612756264236904
0 0.4453125 0.5227790432801822 0.01484375 0.02164009111617312
0 0.49296875 0.5558086560364465 0.0140625 0.02164009111617312
0 0.48203125 0.6298405466970387 0.01640625 0.023917995444191344
0 0.46640625 0.683371298405467 0.0171875 0.023917995444191344
0 0.496875 0.6947608200455581 0.01953125 0.02733485193621868
0 0.47890625 0.7266514806378133 0.015625 0.02164009111617312
0 0.43828125 0.7084282460136674 0.01640625 0.023917995444191344
0 0.44140625 0.6400911161731208 0.01484375 0.018223234624145785
0 0.41875 0.6378132118451025 0.0140625 0.018223234624145785
0 0.39140625 0.6150341685649203 0.01484375 0.02050113895216401
0 0.39140625 0.530751708428246 0.0140625 0.0193621867881549
0 0.39453125 0.4874715261958998 0.01328125 0.018223234624145785
0 0.396875 0.4043280182232346 0.0125 0.0193621867881549
0 0.4078125 0.43735763097949887 0.01484375 0.02050113895216401
0 0.378125 0.4544419134396355 0.01640625 0.023917995444191344
0 0.36484375 0.4430523917995444 0.0140625 0.022779043280182234
0 0.3828125 0.41002277904328016 0.01640625 0.023917995444191344
0 0.43046875 0.4407744874715262 0.0140625 0.02164009111617312
0 0.4203125 0.4054669703872437 0.0140625 0.022779043280182234
0 0.3875 0.5728929384965832 0.01875 0.025056947608200455
0 0.41484375 0.5956719817767654 0.0140625 0.017084282460136675
0 0.41484375 0.5728929384965832 0.01640625 0.022779043280182234
0 0.40390625 0.5432801822323462 0.01640625 0.023917995444191344
0 0.41796875 0.510250569476082 0.0125 0.02050113895216401
0 0.45546875 0.48177676537585423 0.01328125 0.0193621867881549