0 0.08203125 0.22892938496583143 0.015625 0.02164009111617312
0 0.3515625 0.2744874715261959 0.01171875 0.017084282460136675
0 0.4203125 0.3132118451025057 0.015625 0.023917995444191344
0 0.54140625 0.35876993166287013 0.01640625 0.02050113895216401
0 0.59765625 0.41116173120728927 0.01796875 0.022779043280182234
0 0.728125 0.35990888382687924 0.02265625 0.030751708428246014
0 0.68515625 0.55125284738041 0.0171875 0.02164009111617312
0 0.73671875 0.5034168564920274 0.01484375 0.023917995444191344
0 0.49765625 0.6810933940774487 0.01640625 0.022779043280182234
0 0.53984375 0.6765375854214123 0.015625 0.022779043280182234
0 0.60234375 0.6685649202733486 0.015625 0.02164009111617312
0 0.359375 0.673120728929385 0.01875 0.02733485193621868
0 0.25703125 0.5569476082004556 0.015625 0.025056947608200455
0 0.140625 0.5216400911161732 0.01875 0.018223234624145785
0 0.1265625 0.5865603644646925 0.01953125 0.018223234624145785
0 0.2078125 0.7107061503416856 0.01796875 0.030751708428246014
0 0.2015625 0.6469248291571754 0.01875 0.02733485193621868
0 0.16328125 0.8473804100227791 0.0203125 0.02733485193621868
0 0.209375 0.784738041002278 0.0203125 0.023917995444191344
0 0.3546875 0.7517084282460137 0.01796875 0.02619589977220957
0 0.5828125 0.8097949886104784 0.02109375 0.025056947608200455
0 0.27265625 0.835990888382688 0.0203125 0.02733485193621868
0 0.321875 0.8530751708428246 0.0171875 0.015945330296127564
0 0.38359375 0.8143507972665148 0.015625 0.02619589977220957
0 0.45390625 0.6605922551252847 0.01484375 0.02050113895216401
0 0.34296875 0.5421412300683371 0.0171875 0.0193621867881549
0 0.459375 0.45899772209567197 0.0171875 0.02050113895216401
0 0.4390625 0.541002277904328 0.01796875 0.023917995444191344
0 0.68984375 0.621867881548975 0.02421875 0.025056947608200455
0 0.6828125 0.7425968109339408 0.01640625 0.025056947608200455
0 0.7875 0.7220956719817767 0.015625 0.022779043280182234
0 0.87578125 0.7574031890660592 0.0203125 0.022779043280182234
0 0.7046875 0.9339407744874715 0.0234375 0.02847380410022779
0 0.73359375 0.8895216400911162 0.03203125 0.04214123006833713
0 0.31953125 0.9271070615034168 0.01484375 0.022779043280182234
0 0.39609375 0.9134396355353075 0.0171875 0.01366742596810934
0 0.2578125 0.7562642369020501 0.0171875 0.025056947608200455
0 0.19296875 0.24715261958997722 0.01640625 0.02164009111617312
0 0.20703125 0.2870159453302961 0.0140625 0.02164009111617312
0 0.24609375 0.2835990888382688 0.0171875 0.02619589977220957
0 0.28125 0.3097949886104784 0.0140625 0.025056947608200455
0 0.32109375 0.3542141230068337 0.02109375 0.02847380410022779
0 0.28359375 0.4612756264236902 0.021875 0.02847380410022779
0 0.19609375 0.4806378132118451 0.015625 0.0193621867881549
0 0.21796875 0.417995444191344 0.0171875 0.018223234624145785
0 0.30390625 0.6412300683371298 0.01171875 0.023917995444191344
0 0.03671875 0.7038724373576309 0.01875 0.025056947608200455
0 0.07734375 0.6651480637813212 0.02265625 0.03530751708428246
0 0.0875 0.7562642369020501 0.015625 0.02733485193621868
0 0.10234375 0.12414578587699317 0.0234375 0.02733485193621868