0 0.47734375 0.5808656036446469 0.01875 0.02847380410022779
0 0.46953125 0.14236902050113895 0.01796875 0.025056947608200455
0 0.6203125 0.3132118451025057 0.02109375 0.02619589977220957
0 0.63359375 0.5182232346241458 0.01640625 0.02164009111617312
0 0.63046875 0.7015945330296127 0.0140625 0.02050113895216401
0 0.5765625 0.8496583143507973 0.01328125 0.02050113895216401
0 0.378125 0.8826879271070615 0.01953125 0.02733485193621868
0 0.3140625 0.5968109339407744 0.0140625 0.022779043280182234
0 0.321875 0.27790432801822323 0.01484375 0.02050113895216401
0 0.31953125 0.029612756264236904 0.01640625 0.023917995444191344
0 0.890625 0.20159453302961275 0.01953125 0.025056947608200455
0 0.903125 0.3724373576309795 0.0140625 0.022779043280182234
0 0.921875 0.5501138952164009 0.0171875 0.025056947608200455
0 0.92421875 0.7744874715261959 0.01953125 0.02847380410022779
0 0.86875 0.9168564920273349 0.0140625 0.02164009111617312
0 0.9578125 0.9521640091116174 0.02265625 0.03302961275626424
0 0.74609375 0.38724373576309795 0.01484375 0.02164009111617312
0 0.74453125 0.20273348519362186 0.015625 0.025056947608200455
0 0.75 0.023917995444191344 0.01484375 0.02164009111617312
0 0.44296875 0.33826879271070615 0.01796875 0.025056947608200455
0 0.4421875 0.4772209567198178 0.0140625 0.022779043280182234
0 0.3625 0.4316628701594533 0.01484375 0.022779043280182234
0 0.4 0.6924829157175398 0.01640625 0.022779043280182234
0 0.45234375 0.9225512528473804 0.0140625 0.02050113895216401
0 0.54296875 0.9578587699316629 0.01328125 0.02164009111617312
0 0.08515625 0.07630979498861047 0.01484375 0.023917995444191344
0 0.09296875 0.38838268792710706 0.0140625 0.02164009111617312
0 0.1203125 0.6890660592255126 0.0171875 0.025056947608200455
0 0.1296875 0.8587699316628702 0.01484375 0.02164009111617312
0 0.1875 0.9248291571753986 0.0171875 0.023917995444191344