0 0.60390625 0.5068337129840547 0.015625 0.022779043280182234
0 0.60234375 0.3701594533029613 0.021875 0.03302961275626424
0 0.59453125 0.22095671981776766 0.01171875 0.018223234624145785
0 0.54921875 0.08997722095671981 0.01484375 0.02050113895216401
0 0.60546875 0.929384965831435 0.0140625 0.0193621867881549
0 0.4734375 0.8348519362186788 0.01484375 0.02050113895216401
0 0.7109375 0.785876993166287 0.021875 0.03416856492027335
0 0.66796875 0.7380410022779044 0.01484375 0.02164009111617312
0 0.72109375 0.5022779043280182 0.01328125 0.017084282460136675
0 0.7140625 0.3701594533029613 0.01171875 0.018223234624145785
0 0.68125 0.22323462414578588 0.01171875 0.0193621867881549
0 0.68984375 0.0683371298405467 0.0109375 0.0193621867881549
0 0.6046875 0.11845102505694761 0.0125 0.02050113895216401
0 0.34765625 0.1560364464692483 0.0140625 0.0193621867881549
0 0.34609375 0.09908883826879271 0.0109375 0.01366742596810934
0 0.45625 0.08428246013667426 0.015625 0.022779043280182234
0 0.47734375 0.3223234624145786 0.0125 0.015945330296127564
0 0.496875 0.5546697038724373 0.0109375 0.017084282460136675
0 0.2375 0.7767653758542141 0.01484375 0.0193621867881549
0 0.23515625 0.6469248291571754 0.0109375 0.017084282460136675
0 0.20078125 0.5148063781321185 0.015625 0.023917995444191344
0 0.15703125 0.3120728929384966 0.01796875 0.02733485193621868
0 0.2546875 0.1275626423690205 0.0203125 0.02847380410022779
0 0.26171875 0.3211845102505695 0.01640625 0.02164009111617312
0 0.88125 0.2847380410022779 0.0125 0.0193621867881549
0 0.85390625 0.6207289293849658 0.01328125 0.0193621867881549
0 0.86484375 0.8724373576309795 0.01328125 0.022779043280182234
0 0.90859375 0.7004555808656037 0.0125 0.0193621867881549
0 0.925 0.4498861047835991 0.01015625 0.018223234624145785
0 0.85390625 0.39635535307517084 0.01015625 0.014806378132118452