0 0.46796875 0.7232346241457859 0.01328125 0.018223234624145785
0 0.47265625 0.5330296127562643 0.01328125 0.0193621867881549
0 0.48203125 0.3690205011389522 0.01640625 0.02164009111617312
0 0.471875 0.1662870159453303 0.01328125 0.02050113895216401
0 0.5609375 0.11958997722095673 0.0140625 0.022779043280182234
0 0.55703125 0.22095671981776766 0.01484375 0.02164009111617312
0 0.5671875 0.3314350797266515 0.0140625 0.02164009111617312
0 0.5671875 0.4419134396355353 0.01171875 0.0193621867881549
0 0.56328125 0.5489749430523918 0.01171875 0.018223234624145785
0 0.5640625 0.6275626423690205 0.01328125 0.0193621867881549
0 0.58515625 0.7300683371298405 0.0140625 0.0193621867881549
0 0.553125 0.8075170842824602 0.0125 0.02164009111617312
0 0.44609375 0.9134396355353075 0.01171875 0.018223234624145785
0 0.5578125 0.907744874715262 0.0125 0.017084282460136675
0 0.61796875 0.9350797266514806 0.015625 0.02164009111617312
0 0.25390625 0.05353075170842825 0.01875 0.02619589977220957
0 0.253125 0.1469248291571754 0.015625 0.023917995444191344
0 0.2625 0.25626423690205014 0.015625 0.02164009111617312
0 0.278125 0.3530751708428246 0.0125 0.018223234624145785
0 0.2515625 0.46810933940774485 0.01484375 0.02164009111617312
0 0.2734375 0.5751708428246014 0.01328125 0.02050113895216401
0 0.2859375 0.7129840546697038 0.01328125 0.0193621867881549
0 0.275 0.8154897494305239 0.01328125 0.02050113895216401
0 0.259375 0.9555808656036446 0.01171875 0.0193621867881549
0 0.19921875 0.9054669703872438 0.01328125 0.02050113895216401
0 0.07421875 0.8599088838268792 0.015625 0.02050113895216401
0 0.0734375 0.6560364464692483 0.01328125 0.0193621867881549
0 0.078125 0.49430523917995445 0.0140625 0.023917995444191344
0 0.08125 0.38724373576309795 0.0140625 0.0193621867881549
0 0.06171875 0.2870159453302961 0.0140625 0.0193621867881549