0 0.540625 0.7722095671981777 0.0140625 0.02164009111617312
0 0.534375 0.6332574031890661 0.01484375 0.022779043280182234
0 0.5453125 0.5501138952164009 0.0109375 0.018223234624145785
0 0.5421875 0.43621867881548976 0.0125 0.02050113895216401
0 0.52734375 0.48405466970387245 0.01875 0.02847380410022779
0 0.575 0.49544419134396356 0.01328125 0.017084282460136675
0 0.60546875 0.47038724373576307 0.01484375 0.018223234624145785
0 0.5984375 0.530751708428246 0.01328125 0.0193621867881549
0 0.4734375 0.5284738041002278 0.01171875 0.018223234624145785
0 0.434375 0.5136674259681093 0.01328125 0.018223234624145785
0 0.4640625 0.6605922551252847 0.01640625 0.025056947608200455
0 0.48671875 0.6902050113895216 0.01171875 0.018223234624145785
0 0.5 0.7357630979498861 0.01640625 0.022779043280182234
0 0.49765625 0.5968109339407744 0.0109375 0.018223234624145785
0 0.42734375 0.6993166287015945 0.0171875 0.02050113895216401
0 0.4890625 0.8849658314350797 0.0171875 0.023917995444191344
0 0.45390625 0.8986332574031891 0.0140625 0.0193621867881549
0 0.4765625 0.929384965831435 0.0140625 0.018223234624145785
0 0.521875 0.9043280182232346 0.01015625 0.014806378132118452
0 0.54765625 0.9009111617312073 0.0109375 0.015945330296127564
0 0.5640625 0.9100227790432802 0.01328125 0.017084282460136675
0 0.5265625 0.9555808656036446 0.0109375 0.015945330296127564
0 0.5703125 0.9612756264236902 0.01328125 0.018223234624145785
0 0.6234375 0.9908883826879271 0.01328125 0.015945330296127564
0 0.55234375 0.989749430523918 0.01015625 0.014806378132118452
0 0.52109375 0.9954441913439636 0.01171875 0.009111617312072893
0 0.446875 0.9703872437357631 0.0125 0.0193621867881549
0 0.40703125 0.9715261958997722 0.01015625 0.014806378132118452
0 0.37734375 0.9407744874715261 0.0140625 0.02164009111617312
0 0.4390625 0.7801822323462415 0.01640625 0.025056947608200455
0 0.44453125 0.6104783599088838 0.0140625 0.02050113895216401
0 0.38671875 0.6252847380410023 0.0140625 0.022779043280182234
0 0.43515625 0.4498861047835991 0.01484375 0.018223234624145785
0 0.43671875 0.2972665148063781 0.0125 0.018223234624145785
0 0.4421875 0.11845102505694761 0.0140625 0.0193621867881549
0 0.51796875 0.10250569476082004 0.015625 0.02164009111617312
0 0.56484375 0.11275626423690205 0.0171875 0.0193621867881549
0 0.5796875 0.07630979498861047 0.01015625 0.014806378132118452
0 0.5546875 0.0489749430523918 0.01015625 0.015945330296127564
0 0.6125 0.14464692482915717 0.01484375 0.017084282460136675
0 0.571875 0.21867881548974943 0.02109375 0.03530751708428246
0 0.63359375 0.21753986332574032 0.01171875 0.0193621867881549
0 0.628125 0.3451025056947608 0.015625 0.018223234624145785
0 0.56875 0.3359908883826879 0.01796875 0.025056947608200455
0 0.51484375 0.3109339407744875 0.01328125 0.02050113895216401
0 0.515625 0.3690205011389522 0.01328125 0.022779043280182234
0 0.4640625 0.417995444191344 0.01328125 0.02164009111617312
0 0.51015625 0.42482915717539865 0.01328125 0.0193621867881549
0 0.61796875 0.38496583143507973 0.01484375 0.0193621867881549
0 0.42890625 0.01366742596810934 0.01328125 0.0193621867881549