0 0.91953125 0.3564920273348519 0.01796875 0.025056947608200455
0 0.75078125 0.2722095671981777 0.02109375 0.03302961275626424
0 0.06328125 0.7084282460136674 0.0125 0.02050113895216401
0 0.01953125 0.7699316628701595 0.0171875 0.022779043280182234
0 0.50234375 0.6981776765375854 0.025 0.02619589977220957
0 0.55390625 0.4498861047835991 0.02109375 0.030751708428246014
0 0.62265625 0.7175398633257403 0.0203125 0.023917995444191344
0 0.7078125 0.6480637813211845 0.01640625 0.0193621867881549
0 0.7484375 0.7995444191343963 0.01796875 0.02619589977220957
0 0.71328125 0.48405466970387245 0.02109375 0.02733485193621868
0 0.77890625 0.6184510250569476 0.02109375 0.0193621867881549
0 0.9359375 0.7027334851936219 0.0234375 0.02847380410022779
0 0.8703125 0.8553530751708428 0.01328125 0.025056947608200455
0 0.81015625 0.23348519362186787 0.02265625 0.029612756264236904
0 0.7484375 0.08314350797266515 0.02109375 0.029612756264236904
0 0.453125 0.1560364464692483 0.025 0.03530751708428246
0 0.54765625 0.18906605922551253 0.02734375 0.0387243735763098
0 0.77109375 0.36332574031890663 0.03828125 0.04100227790432802
0 0.87578125 0.5558086560364465 0.01484375 0.023917995444191344
0 0.42734375 0.4031890660592255 0.0125 0.022779043280182234
0 0.17890625 0.16970387243735763 0.0171875 0.02164009111617312
0 0.16875 0.5990888382687927 0.0140625 0.030751708428246014
0 0.359375 0.60250569476082 0.01796875 0.02733485193621868
0 0.3 0.6309794988610479 0.015625 0.025056947608200455
0 0.3578125 0.7369020501138952 0.01640625 0.023917995444191344
0 0.33125 0.8223234624145785 0.025 0.02847380410022779
0 0.28828125 0.7676537585421412 0.015625 0.02619589977220957
0 0.25859375 0.8006833712984055 0.0171875 0.023917995444191344
0 0.55078125 0.8200455580865603 0.01875 0.023917995444191344
0 0.51875 0.9168564920273349 0.01640625 0.02050113895216401
0 0.51875 0.8633257403189066 0.01875 0.0193621867881549
0 0.66484375 0.36674259681093396 0.02421875 0.0387243735763098
0 0.6671875 0.5079726651480638 0.01484375 0.02050113895216401
0 0.8109375 0.5113895216400911 0.0109375 0.02164009111617312
0 0.30078125 0.1492027334851936 0.01796875 0.02164009111617312
0 0.115625 0.06036446469248292 0.01796875 0.029612756264236904
0 0.09296875 0.39749430523917995 0.01953125 0.022779043280182234
0 0.0078125 0.4202733485193622 0.0109375 0.022779043280182234
0 0.08828125 0.2835990888382688 0.02265625 0.02733485193621868
0 0.24765625 0.6651480637813212 0.01953125 0.030751708428246014
0 0.17578125 0.2528473804100228 0.015625 0.022779043280182234
0 0.30234375 0.4043280182232346 0.01875 0.02733485193621868
0 0.428125 0.571753986332574 0.0171875 0.03189066059225513
0 0.43828125 0.6788154897494305 0.01640625 0.022779043280182234
0 0.5953125 0.5899772209567198 0.0140625 0.02164009111617312
0 0.5453125 0.6195899772209568 0.01953125 0.02619589977220957
0 0.89140625 0.22323462414578588 0.01953125 0.023917995444191344
0 0.9421875 0.1366742596810934 0.01875 0.02733485193621868
0 0.91875 0.09681093394077449 0.021875 0.03416856492027335
0 0.090625 0.19248291571753987 0.02421875 0.02847380410022779
0 0.009375 0.09339407744874716 0.01796875 0.023917995444191344