0 0.159375 0.8394077448747153 0.01796875 0.022779043280182234
0 0.22265625 0.8747152619589977 0.01875 0.02847380410022779
0 0.384375 0.23462414578587698 0.01796875 0.022779043280182234
0 0.1625 0.16514806378132119 0.01640625 0.025056947608200455
0 0.4953125 0.6480637813211845 0.01796875 0.025056947608200455
0 0.61875 0.8097949886104784 0.0140625 0.022779043280182234
0 0.37578125 0.7813211845102506 0.0203125 0.030751708428246014
0 0.2375 0.39635535307517084 0.0140625 0.025056947608200455
0 0.5734375 0.40774487471526194 0.01484375 0.02619589977220957
0 0.4390625 0.40774487471526194 0.01328125 0.02050113895216401
0 0.384375 0.6184510250569476 0.01640625 0.02050113895216401
0 0.7078125 0.5398633257403189 0.0171875 0.022779043280182234
0 0.509375 0.28815489749430523 0.02265625 0.030751708428246014
0 0.3421875 0.5182232346241458 0.01640625 0.018223234624145785
0 0.5984375 0.6138952164009112 0.01796875 0.02847380410022779
0 0.5265625 0.9214123006833713 0.0171875 0.02164009111617312
0 0.37734375 0.9612756264236902 0.0140625 0.02164009111617312
0 0.8671875 0.7722095671981777 0.01328125 0.02164009111617312
0 0.890625 0.5876993166287016 0.0140625 0.0193621867881549
0 0.84453125 0.224373576309795 0.0140625 0.0193621867881549
0 0.80390625 0.03758542141230068 0.01796875 0.025056947608200455
0 0.746875 0.24259681093394078 0.01484375 0.02164009111617312
0 0.7640625 0.4031890660592255 0.0140625 0.0193621867881549
0 0.87265625 0.37813211845102507 0.01640625 0.022779043280182234
0 0.8109375 0.6457858769931663 0.01640625 0.02733485193621868
0 0.6953125 0.8861047835990888 0.01640625 0.0193621867881549
0 0.93125 0.09339407744874716 0.0125 0.02164009111617312
0 0.93984375 0.1867881548974943 0.0140625 0.02164009111617312
0 0.9265625 0.45899772209567197 0.01640625 0.022779043280182234
0 0.86328125 0.9066059225512528 0.01171875 0.02050113895216401