0 0.43125 0.9920273348519362 0.015625 0.014806378132118452
0 0.47109375 0.9920273348519362 0.01484375 0.015945330296127564
0 0.38828125 0.9760820045558086 0.01484375 0.018223234624145785
0 0.42890625 0.9339407744874715 0.015625 0.02164009111617312
0 0.4265625 0.8678815489749431 0.0125 0.0193621867881549
0 0.44609375 0.8758542141230068 0.015625 0.0193621867881549
0 0.3921875 0.8633257403189066 0.01484375 0.02164009111617312
0 0.41640625 0.8883826879271071 0.0140625 0.018223234624145785
0 0.4328125 0.8883826879271071 0.0125 0.018223234624145785
0 0.434375 0.9111617312072893 0.01484375 0.02050113895216401
0 0.41796875 0.9134396355353075 0.01328125 0.0193621867881549
0 0.40234375 0.9111617312072893 0.01484375 0.02050113895216401
0 0.446875 0.8997722095671982 0.01328125 0.0193621867881549
0 0.44375 0.8314350797266514 0.015625 0.02164009111617312
0 0.4046875 0.7995444191343963 0.01484375 0.02050113895216401
0 0.46015625 0.8906605922551253 0.01484375 0.022779043280182234
0 0.409375 0.9328018223234624 0.015625 0.0193621867881549
0 0.3921875 0.9305239179954442 0.0140625 0.02164009111617312
0 0.49140625 0.958997722095672 0.01484375 0.022779043280182234
0 0.50546875 0.8952164009111617 0.01640625 0.02050113895216401
0 0.5078125 0.9225512528473804 0.01640625 0.02050113895216401
0 0.490625 0.9111617312072893 0.0140625 0.018223234624145785
0 0.475 0.9009111617312073 0.0140625 0.018223234624145785
0 0.47734375 0.9248291571753986 0.01328125 0.0193621867881549
0 0.45859375 0.9384965831435079 0.0171875 0.02164009111617312
0 0.46015625 0.714123006833713 0.01171875 0.018223234624145785
0 0.45234375 0.6651480637813212 0.01796875 0.023917995444191344
0 0.45078125 0.6082004555808656 0.01640625 0.0193621867881549
0 0.4078125 0.5728929384965832 0.0140625 0.02050113895216401
0 0.446875 0.45899772209567197 0.02109375 0.025056947608200455
0 0.44375 0.4874715261958998 0.01953125 0.02847380410022779
0 0.43203125 0.47038724373576307 0.01484375 0.0193621867881549
0 0.43359375 0.5022779043280182 0.01953125 0.02050113895216401
0 0.459375 0.47494305239179957 0.01640625 0.025056947608200455
0 0.459375 0.5 0.01796875 0.022779043280182234
0 0.4484375 0.5148063781321185 0.01953125 0.02164009111617312
0 0.42109375 0.3929384965831435 0.01875 0.02050113895216401
0 0.4046875 0.3940774487471526 0.015625 0.02050113895216401
0 0.4125 0.4134396355353075 0.01640625 0.022779043280182234
0 0.403125 0.3712984054669704 0.0140625 0.022779043280182234
0 0.42109375 0.3678815489749431 0.01796875 0.025056947608200455
0 0.43828125 0.38724373576309795 0.015625 0.02619589977220957
0 0.4296875 0.4134396355353075 0.01953125 0.025056947608200455
0 0.38515625 0.3792710706150342 0.02421875 0.03416856492027335
0 0.4875 0.38838268792710706 0.01640625 0.022779043280182234
0 0.47109375 0.38838268792710706 0.0140625 0.018223234624145785
0 0.478125 0.40888382687927105 0.0140625 0.02050113895216401
0 0.49453125 0.4145785876993166 0.015625 0.02050113895216401
0 0.4765625 0.3690205011389522 0.015625 0.018223234624145785
0 0.49375 0.36104783599088835 0.0171875 0.022779043280182234
0 0.5046875 0.3952164009111617 0.01484375 0.0193621867881549
0 0.4875 0.438496583143508 0.0171875 0.02050113895216401
0 0.4734375 0.4316628701594533 0.01484375 0.02050113895216401