0 0.7703125 0.5227790432801822 0.0125 0.018223234624145785
0 0.7734375 0.21184510250569477 0.021875 0.03530751708428246
0 0.72109375 0.8724373576309795 0.0140625 0.022779043280182234
0 0.765625 0.8917995444191344 0.01875 0.02733485193621868
0 0.37734375 0.9236902050113895 0.01484375 0.022779043280182234
0 0.215625 0.94874715261959 0.01640625 0.025056947608200455
0 0.13828125 0.5489749430523918 0.01484375 0.02164009111617312
0 0.06875 0.7790432801822323 0.02421875 0.03530751708428246
0 0.06171875 0.9874715261958997 0.01640625 0.023917995444191344
0 0.9515625 0.13439635535307518 0.01875 0.03189066059225513
0 0.990625 0.23917995444191345 0.01171875 0.018223234624145785
0 0.99453125 0.37699316628701596 0.01015625 0.022779043280182234
0 0.9859375 0.5592255125284739 0.0125 0.018223234624145785
0 0.9171875 0.5899772209567198 0.01484375 0.023917995444191344
0 0.87578125 0.664009111617312 0.0125 0.015945330296127564
0 0.8390625 0.7687927107061503 0.0125 0.0193621867881549
0 0.96328125 0.8644646924829157 0.02421875 0.03530751708428246
0 0.85234375 0.9578587699316629 0.0328125 0.0489749430523918
0 0.53984375 0.744874715261959 0.01328125 0.017084282460136675
0 0.5375 0.8599088838268792 0.0125 0.022779043280182234
0 0.5828125 0.9350797266514806 0.015625 0.023917995444191344
0 0.53828125 0.6047835990888383 0.0171875 0.025056947608200455
0 0.5390625 0.510250569476082 0.01640625 0.02164009111617312
0 0.6578125 0.11275626423690205 0.01328125 0.0193621867881549
0 0.55234375 0.3234624145785877 0.0140625 0.022779043280182234
0 0.475 0.43621867881548976 0.0125 0.0193621867881549
0 0.3953125 0.5580865603644647 0.01484375 0.023917995444191344
0 0.36796875 0.6389521640091116 0.01328125 0.02164009111617312
0 0.46015625 0.8109339407744874 0.0171875 0.025056947608200455
0 0.43984375 0.958997722095672 0.01953125 0.03189066059225513