0 0.0359375 0.8211845102505695 0.0203125 0.02847380410022779
0 0.00546875 0.6560364464692483 0.0109375 0.022779043280182234
0 0.028125 0.5148063781321185 0.01640625 0.025056947608200455
0 0.01640625 0.3348519362186788 0.0140625 0.022779043280182234
0 0.02890625 0.2152619589977221 0.015625 0.025056947608200455
0 0.00625 0.0785876993166287 0.01171875 0.02164009111617312
0 0.0921875 0.13439635535307518 0.01484375 0.022779043280182234
0 0.090625 0.24259681093394078 0.01484375 0.02050113895216401
0 0.08359375 0.3439635535307517 0.0125 0.02050113895216401
0 0.0921875 0.47038724373576307 0.0125 0.017084282460136675
0 0.0859375 0.6332574031890661 0.0203125 0.02847380410022779
0 0.11171875 0.7095671981776766 0.0140625 0.02164009111617312
0 0.1015625 0.8815489749430524 0.0140625 0.02050113895216401
0 0.09609375 0.9829157175398633 0.015625 0.023917995444191344
0 0.29765625 0.9578587699316629 0.0171875 0.023917995444191344
0 0.3515625 0.9760820045558086 0.0171875 0.025056947608200455
0 0.3171875 0.8917995444191344 0.0171875 0.023917995444191344
0 0.3265625 0.7266514806378133 0.0125 0.018223234624145785
0 0.30859375 0.6184510250569476 0.0203125 0.030751708428246014
0 0.3234375 0.44646924829157175 0.01328125 0.018223234624145785
0 0.32109375 0.26993166287015946 0.01640625 0.023917995444191344
0 0.32734375 0.13895216400911162 0.0140625 0.023917995444191344
0 0.3109375 0.003416856492027335 0.015625 0.00683371298405467
0 0.36171875 0.00683371298405467 0.01796875 0.01366742596810934
0 0.215625 0.0056947608200455585 0.015625 0.011389521640091117
0 0.2171875 0.1275626423690205 0.01796875 0.025056947608200455
0 0.1765625 0.275626423690205 0.01484375 0.022779043280182234