0 0.47265625 0.4498861047835991 0.0203125 0.029612756264236904
0 0.55390625 0.3223234624145786 0.02578125 0.03758542141230068
0 0.49375 0.16287015945330297 0.0171875 0.029612756264236904
0 0.5 0.007972665148063782 0.0171875 0.015945330296127564
0 0.3953125 0.19817767653758542 0.01796875 0.02619589977220957
0 0.4296875 0.2949886104783599 0.0171875 0.025056947608200455
0 0.47265625 0.6902050113895216 0.01640625 0.02164009111617312
0 0.4953125 0.837129840546697 0.01953125 0.02733485193621868
0 0.484375 0.9601366742596811 0.01875 0.022779043280182234
0 0.55703125 0.9510250569476082 0.0203125 0.029612756264236904
0 0.5875 0.8302961275626424 0.01640625 0.023917995444191344
0 0.571875 0.7482915717539863 0.02265625 0.029612756264236904
0 0.60703125 0.6321184510250569 0.01484375 0.02164009111617312
0 0.55703125 0.44419134396355353 0.01796875 0.02619589977220957
0 0.56875 0.1070615034168565 0.01484375 0.02050113895216401
0 0.4375 0.10136674259681093 0.0171875 0.025056947608200455
0 0.18359375 0.14123006833712984 0.01484375 0.023917995444191344
0 0.1921875 0.03189066059225513 0.01875 0.029612756264236904
0 0.18828125 0.3120728929384966 0.0171875 0.02619589977220957
0 0.215625 0.45671981776765375 0.01328125 0.022779043280182234
0 0.21875 0.6264236902050114 0.01640625 0.025056947608200455
0 0.18671875 0.7482915717539863 0.021875 0.03189066059225513
0 0.1890625 0.9533029612756264 0.015625 0.02164009111617312
0 0.12890625 0.9066059225512528 0.01640625 0.025056947608200455
0 0.159375 0.5273348519362187 0.01875 0.02619589977220957
0 0.11953125 0.35876993166287013 0.0234375 0.03416856492027335
0 0.134375 0.2266514806378132 0.02265625 0.030751708428246014
0 0.1390625 0.03644646924829157 0.0140625 0.022779043280182234
0 0.315625 0.02619589977220957 0.01640625 0.02164009111617312
0 0.28046875 0.214123006833713 0.015625 0.02050113895216401
0 0.30546875 0.30751708428246016 0.01796875 0.025056947608200455
0 0.3203125 0.5170842824601367 0.01328125 0.02050113895216401
0 0.31328125 0.642369020501139 0.01640625 0.022779043280182234