0 0.34765625 0.9396355353075171 0.0140625 0.02050113895216401
0 0.353125 0.7665148063781321 0.015625 0.025056947608200455
0 0.35625 0.6104783599088838 0.01953125 0.02619589977220957
0 0.365625 0.5034168564920274 0.01484375 0.022779043280182234
0 0.37578125 0.2847380410022779 0.0234375 0.030751708428246014
0 0.36640625 0.12072892938496584 0.01484375 0.022779043280182234
0 0.50859375 0.9430523917995444 0.01484375 0.02619589977220957
0 0.49140625 0.8291571753986332 0.015625 0.02164009111617312
0 0.51796875 0.7425968109339408 0.0140625 0.025056947608200455
0 0.50625 0.6298405466970387 0.0140625 0.022779043280182234
0 0.51640625 0.4134396355353075 0.01640625 0.02164009111617312
0 0.51484375 0.2528473804100228 0.01953125 0.02619589977220957
0 0.50625 0.0979498861047836 0.015625 0.02050113895216401
0 0.56875 0.00683371298405467 0.015625 0.01366742596810934
0 0.8515625 0.9031890660592256 0.0234375 0.03530751708428246
0 0.8375 0.8189066059225513 0.015625 0.022779043280182234
0 0.8515625 0.6173120728929385 0.015625 0.025056947608200455
0 0.8484375 0.489749430523918 0.01640625 0.023917995444191344
0 0.840625 0.39863325740318906 0.0140625 0.022779043280182234
0 0.82109375 0.21981776765375854 0.015625 0.02050113895216401
0 0.80625 0.11503416856492027 0.015625 0.02050113895216401
0 0.8578125 0.004555808656036446 0.015625 0.009111617312072893
0 0.62109375 0.14464692482915717 0.01640625 0.025056947608200455
0 0.63125 0.3097949886104784 0.01328125 0.0193621867881549
0 0.61015625 0.4886104783599089 0.01796875 0.02619589977220957
0 0.615625 0.7027334851936219 0.015625 0.02164009111617312
0 0.640625 0.8986332574031891 0.01484375 0.025056947608200455
0 0.70546875 0.6845102505694761 0.0171875 0.02733485193621868
0 0.71484375 0.5592255125284739 0.01953125 0.029612756264236904