0 0.61484375 0.5387243735763098 0.01171875 0.022779043280182234
0 0.62734375 0.5489749430523918 0.015625 0.02050113895216401
0 0.596875 0.5273348519362187 0.0140625 0.02164009111617312
0 0.6 0.5501138952164009 0.01328125 0.018223234624145785
0 0.6125 0.5603644646924829 0.01328125 0.018223234624145785
0 0.6265625 0.570615034168565 0.01484375 0.0193621867881549
0 0.63046875 0.6173120728929385 0.0171875 0.02164009111617312
0 0.61171875 0.5820045558086561 0.01484375 0.022779043280182234
0 0.62578125 0.5945330296127562 0.0140625 0.018223234624145785
0 0.61171875 0.6059225512528473 0.01328125 0.0193621867881549
0 0.5796875 0.5159453302961275 0.01484375 0.02050113895216401
0 0.5828125 0.5387243735763098 0.0140625 0.0193621867881549
0 0.6109375 0.5170842824601367 0.01171875 0.018223234624145785
0 0.63984375 0.5113895216400911 0.01484375 0.02164009111617312
0 0.63828125 0.4635535307517084 0.01328125 0.017084282460136675
0 0.625 0.479498861047836 0.0171875 0.02164009111617312
0 0.5953125 0.5034168564920274 0.01328125 0.017084282460136675
0 0.659375 0.5444191343963554 0.01796875 0.023917995444191344
0 0.65546875 0.5683371298405467 0.0140625 0.02050113895216401
0 0.67109375 0.520501138952164 0.015625 0.02050113895216401
0 0.6671875 0.48519362186788156 0.01171875 0.02164009111617312
0 0.6546875 0.4988610478359909 0.01484375 0.015945330296127564
0 0.6546875 0.520501138952164 0.01484375 0.0193621867881549
0 0.640625 0.5876993166287016 0.0125 0.0193621867881549
0 0.5859375 0.5615034168564921 0.01484375 0.0193621867881549
0 0.6078125 0.46924829157175396 0.0140625 0.018223234624145785
0 0.55625 0.4886104783599089 0.0125 0.018223234624145785
0 0.5625 0.5296127562642369 0.01328125 0.02050113895216401
0 0.5734375 0.4863325740318907 0.01796875 0.0193621867881549
0 0.5453125 0.47038724373576307 0.0140625 0.017084282460136675
0 0.53046875 0.520501138952164 0.01953125 0.02847380410022779
0 0.559375 0.5751708428246014 0.01171875 0.018223234624145785
0 0.57734375 0.5876993166287016 0.0203125 0.029612756264236904
0 0.61484375 0.6275626423690205 0.015625 0.0193621867881549
0 0.696875 0.4772209567198178 0.01484375 0.02164009111617312
0 0.5140625 0.5330296127562643 0.0140625 0.02050113895216401
0 0.540625 0.5990888382687927 0.01640625 0.025056947608200455
0 0.5046875 0.5785876993166287 0.0140625 0.02050113895216401
0 0.47421875 0.5660592255125285 0.0171875 0.025056947608200455
0 0.4640625 0.530751708428246 0.01171875 0.018223234624145785
0 0.48125 0.4886104783599089 0.01484375 0.02619589977220957
0 0.465625 0.4533029612756264 0.0140625 0.023917995444191344
0 0.43515625 0.4328018223234624 0.015625 0.022779043280182234
0 0.46953125 0.4020501138952164 0.01328125 0.022779043280182234
0 0.53828125 0.43621867881548976 0.01328125 0.02164009111617312
0 0.578125 0.417995444191344 0.0203125 0.025056947608200455
0 0.5265625 0.39749430523917995 0.0125 0.015945330296127564
0 0.51171875 0.47494305239179957 0.01796875 0.02619589977220957
0 0.49921875 0.6184510250569476 0.01484375 0.022779043280182234
0 0.46328125 0.6287015945330297 0.0140625 0.02050113895216401