0 0.46484375 0.1378132118451025 0.01640625 0.023917995444191344
0 0.48984375 0.3120728929384966 0.01484375 0.02050113895216401
0 0.525 0.5011389521640092 0.01484375 0.02164009111617312
0 0.4078125 0.6287015945330297 0.02421875 0.03530751708428246
0 0.48671875 0.8189066059225513 0.01328125 0.0193621867881549
0 0.45625 0.9612756264236902 0.0125 0.018223234624145785
0 0.5953125 0.7118451025056948 0.015625 0.022779043280182234
0 0.56328125 0.37813211845102507 0.0140625 0.02164009111617312
0 0.546875 0.16856492027334852 0.0140625 0.02050113895216401
0 0.4078125 0.19931662870159453 0.015625 0.02164009111617312
0 0.3984375 0.3416856492027335 0.0125 0.018223234624145785
0 0.31484375 0.31662870159453305 0.0171875 0.02619589977220957
0 0.0859375 0.5421412300683371 0.01328125 0.022779043280182234
0 0.0875 0.7892938496583144 0.01796875 0.030751708428246014
0 0.0765625 0.9054669703872438 0.01953125 0.02733485193621868
0 0.096875 0.20387243735763097 0.01328125 0.0193621867881549
0 0.0953125 0.05694760820045558 0.0125 0.0193621867881549
0 0.23671875 0.08769931662870159 0.0140625 0.018223234624145785
0 0.22578125 0.265375854214123 0.01328125 0.0193621867881549
0 0.1828125 0.34851936218678814 0.0125 0.018223234624145785
0 0.190625 0.5432801822323462 0.0125 0.0193621867881549
0 0.23515625 0.7050113895216401 0.01328125 0.018223234624145785
0 0.19296875 0.8963553530751709 0.015625 0.022779043280182234
0 0.75390625 0.23348519362186787 0.0203125 0.029612756264236904
0 0.64921875 0.2722095671981777 0.0140625 0.0193621867881549
0 0.6875 0.4635535307517084 0.0125 0.02164009111617312
0 0.63203125 0.5182232346241458 0.01484375 0.02164009111617312
0 0.69375 0.7027334851936219 0.01484375 0.02050113895216401
0 0.69921875 0.8826879271070615 0.01328125 0.0193621867881549
0 0.625 0.7949886104783599 0.0140625 0.02164009111617312