0 0.43359375 0.5056947608200456 0.0140625 0.0193621867881549
0 0.421875 0.5159453302961275 0.01171875 0.0193621867881549
0 0.446875 0.5159453302961275 0.01171875 0.017084282460136675
0 0.421875 0.5364464692482915 0.01171875 0.018223234624145785
0 0.40859375 0.5284738041002278 0.0140625 0.02050113895216401
0 0.4078125 0.5068337129840547 0.0125 0.017084282460136675
0 0.39765625 0.5170842824601367 0.01171875 0.018223234624145785
0 0.44921875 0.5353075170842825 0.0109375 0.0193621867881549
0 0.43515625 0.5250569476082004 0.01484375 0.025056947608200455
0 0.43828125 0.5455580865603644 0.0125 0.0193621867881549
0 0.4796875 0.5330296127562643 0.02109375 0.03416856492027335
0 0.46875 0.4863325740318907 0.01796875 0.023917995444191344
0 0.44921875 0.48291571753986334 0.0140625 0.02164009111617312
0 0.45703125 0.44419134396355353 0.01796875 0.02619589977220957
0 0.43671875 0.4407744874715262 0.01953125 0.02733485193621868
0 0.47265625 0.4533029612756264 0.01328125 0.02050113895216401
0 0.4609375 0.46810933940774485 0.01171875 0.0193621867881549
0 0.44765625 0.4612756264236902 0.0125 0.018223234624145785
0 0.4328125 0.4635535307517084 0.0125 0.02050113895216401
0 0.4203125 0.47380410022779046 0.01328125 0.018223234624145785
0 0.48515625 0.48177676537585423 0.015625 0.022779043280182234
0 0.49921875 0.5239179954441914 0.01796875 0.02847380410022779
0 0.44140625 0.5933940774487472 0.02109375 0.029612756264236904
0 0.4359375 0.5649202733485194 0.01484375 0.0193621867881549
0 0.421875 0.5569476082004556 0.01328125 0.0193621867881549
0 0.40859375 0.5478359908883826 0.01328125 0.017084282460136675
0 0.3984375 0.5615034168564921 0.0125 0.017084282460136675
0 0.46796875 0.5637813211845103 0.0140625 0.02050113895216401
0 0.47421875 0.5808656036446469 0.01328125 0.02050113895216401
0 0.459375 0.5808656036446469 0.015625 0.0193621867881549
0 0.4515625 0.5603644646924829 0.01875 0.02847380410022779
0 0.48359375 0.5626423690205011 0.01875 0.029612756264236904
0 0.475 0.6036446469248291 0.0140625 0.022779043280182234
0 0.4609375 0.6036446469248291 0.0125 0.0193621867881549
0 0.48984375 0.5899772209567198 0.0171875 0.02733485193621868
0 0.50703125 0.5842824601366743 0.01328125 0.022779043280182234
0 0.50859375 0.5466970387243736 0.01171875 0.018223234624145785
0 0.51953125 0.5284738041002278 0.0171875 0.02164009111617312
0 0.5234375 0.5478359908883826 0.0125 0.017084282460136675
0 0.53828125 0.5876993166287016 0.01484375 0.02164009111617312
0 0.528125 0.570615034168565 0.0140625 0.02164009111617312
0 0.51484375 0.5649202733485194 0.01328125 0.02050113895216401
0 0.5421875 0.5649202733485194 0.0140625 0.023917995444191344
0 0.5359375 0.5444191343963554 0.01640625 0.02050113895216401
0 0.56484375 0.5273348519362187 0.015625 0.02164009111617312
0 0.5765625 0.5683371298405467 0.01640625 0.02050113895216401
0 0.56015625 0.5626423690205011 0.01484375 0.0193621867881549
0 0.540625 0.5 0.0140625 0.022779043280182234
0 0.52578125 0.4863325740318907 0.0125 0.017084282460136675
0 0.51328125 0.4772209567198178 0.0125 0.015945330296127564
0 0.50078125 0.46924829157175396 0.0140625 0.0193621867881549