0 0.20703125 0.43621867881548976 0.01484375 0.02050113895216401
0 0.27890625 0.4009111617312073 0.01484375 0.02847380410022779
0 0.465625 0.19248291571753987 0.01171875 0.0193621867881549
0 0.4703125 0.10364464692482915 0.0125 0.02050113895216401
0 0.22734375 0.08314350797266515 0.02734375 0.04100227790432802
0 0.1296875 0.15945330296127563 0.0234375 0.030751708428246014
0 0.24453125 0.29954441913439633 0.0125 0.018223234624145785
0 0.2375 0.6469248291571754 0.0140625 0.018223234624145785
0 0.190625 0.8132118451025057 0.0140625 0.017084282460136675
0 0.27265625 0.8644646924829157 0.0140625 0.02164009111617312
0 0.3265625 0.7437357630979499 0.01640625 0.025056947608200455
0 0.39609375 0.857630979498861 0.01328125 0.0193621867881549
0 0.33984375 0.592255125284738 0.01796875 0.025056947608200455
0 0.4203125 0.3917995444191344 0.0125 0.0193621867881549
0 0.340625 0.17425968109339407 0.01484375 0.022779043280182234
0 0.32890625 0.04328018223234624 0.015625 0.0193621867881549
0 0.540625 0.4031890660592255 0.0234375 0.03416856492027335
0 0.4625 0.5865603644646925 0.01484375 0.025056947608200455
0 0.39609375 0.6116173120728929 0.01171875 0.0193621867881549
0 0.8328125 0.7949886104783599 0.01328125 0.018223234624145785
0 0.84609375 0.5489749430523918 0.015625 0.02164009111617312
0 0.9125 0.45899772209567197 0.01640625 0.025056947608200455
0 0.92890625 0.2357630979498861 0.021875 0.03416856492027335
0 0.72734375 0.12984054669703873 0.01796875 0.025056947608200455
0 0.61953125 0.07289293849658314 0.01796875 0.02733485193621868
0 0.7109375 0.34054669703872437 0.015625 0.023917995444191344
0 0.7203125 0.7289293849658315 0.01328125 0.02164009111617312
0 0.753125 0.8223234624145785 0.01640625 0.025056947608200455
0 0.85546875 0.9066059225512528 0.01484375 0.0193621867881549
0 0.93359375 0.826879271070615 0.0140625 0.018223234624145785