0 0.4296875 0.5 0.0140625 0.0193621867881549
0 0.4171875 0.489749430523918 0.01171875 0.0193621867881549
0 0.44296875 0.489749430523918 0.0109375 0.017084282460136675
0 0.41796875 0.47038724373576307 0.01171875 0.017084282460136675
0 0.40546875 0.4772209567198178 0.0140625 0.02050113895216401
0 0.40390625 0.4988610478359909 0.0125 0.017084282460136675
0 0.39375 0.4886104783599089 0.01171875 0.018223234624145785
0 0.44453125 0.47038724373576307 0.0109375 0.0193621867881549
0 0.43046875 0.4806378132118451 0.01484375 0.025056947608200455
0 0.43359375 0.4612756264236902 0.0125 0.0193621867881549
0 0.47421875 0.47266514806378135 0.02109375 0.03416856492027335
0 0.4640625 0.5182232346241458 0.0171875 0.023917995444191344
0 0.44453125 0.5216400911161732 0.01328125 0.02050113895216401
0 0.45234375 0.5603644646924829 0.0171875 0.02619589977220957
0 0.4328125 0.5637813211845103 0.01875 0.02619589977220957
0 0.4671875 0.55125284738041 0.0125 0.02050113895216401
0 0.45625 0.5364464692482915 0.01171875 0.0193621867881549
0 0.44375 0.5432801822323462 0.01171875 0.018223234624145785
0 0.428125 0.541002277904328 0.0125 0.0193621867881549
0 0.41640625 0.530751708428246 0.01328125 0.018223234624145785
0 0.4796875 0.5227790432801822 0.015625 0.022779043280182234
0 0.49375 0.48177676537585423 0.0171875 0.02847380410022779
0 0.43671875 0.4145785876993166 0.02109375 0.02847380410022779
0 0.43203125 0.4419134396355353 0.0140625 0.0193621867881549
0 0.41796875 0.4498861047835991 0.01328125 0.0193621867881549
0 0.4046875 0.45899772209567197 0.0125 0.017084282460136675
0 0.39453125 0.44533029612756264 0.0125 0.017084282460136675
0 0.46328125 0.4430523917995444 0.0140625 0.0193621867881549
0 0.46953125 0.42596810933940776 0.01328125 0.02050113895216401
0 0.4546875 0.42596810933940776 0.01484375 0.0193621867881549
0 0.44765625 0.44646924829157175 0.01875 0.02733485193621868
0 0.478125 0.44419134396355353 0.01875 0.02847380410022779
0 0.46953125 0.4043280182232346 0.0140625 0.022779043280182234
0 0.45546875 0.4043280182232346 0.0125 0.0193621867881549
0 0.484375 0.417995444191344 0.01640625 0.02619589977220957
0 0.5015625 0.42255125284738043 0.01328125 0.022779043280182234
0 0.503125 0.4601366742596811 0.01171875 0.018223234624145785
0 0.51328125 0.4783599088838269 0.0171875 0.02164009111617312
0 0.5171875 0.45785876993166286 0.0125 0.015945330296127564
0 0.53125 0.4191343963553531 0.01484375 0.02164009111617312
0 0.521875 0.43735763097949887 0.01328125 0.02164009111617312
0 0.50859375 0.4419134396355353 0.01328125 0.02050113895216401
0 0.5359375 0.4419134396355353 0.0140625 0.022779043280182234
0 0.5296875 0.4624145785876993 0.01640625 0.02050113895216401
0 0.5578125 0.4783599088838269 0.01484375 0.02164009111617312
0 0.56953125 0.438496583143508 0.01640625 0.02050113895216401
0 0.553125 0.44419134396355353 0.01484375 0.0193621867881549
0 0.534375 0.5045558086560364 0.0140625 0.022779043280182234
0 0.51953125 0.5182232346241458 0.0125 0.015945330296127564
0 0.5078125 0.5284738041002278 0.0125 0.015945330296127564
0 0.4953125 0.5353075170842825 0.0140625 0.0193621867881549