0 0.5640625 0.4920273348519362 0.0171875 0.02619589977220957
0 0.56171875 0.28929384965831434 0.015625 0.022779043280182234
0 0.51953125 0.23690205011389523 0.015625 0.023917995444191344
0 0.52421875 0.06947608200455581 0.0171875 0.025056947608200455
0 0.5890625 0.08200455580865604 0.01484375 0.023917995444191344
0 0.5671875 0.40774487471526194 0.01484375 0.02164009111617312
0 0.415625 0.43394077448747154 0.01796875 0.022779043280182234
0 0.4453125 0.5865603644646925 0.01484375 0.023917995444191344
0 0.50234375 0.755125284738041 0.01328125 0.02050113895216401
0 0.4671875 0.8416856492027335 0.0171875 0.02619589977220957
0 0.5875 0.8883826879271071 0.02109375 0.03189066059225513
0 0.60703125 0.6104783599088838 0.015625 0.022779043280182234
0 0.49921875 0.4054669703872437 0.0171875 0.025056947608200455
0 0.64453125 0.3917995444191344 0.01328125 0.022779043280182234
0 0.6359375 0.5375854214123007 0.0171875 0.025056947608200455
0 0.36640625 0.5341685649202733 0.01953125 0.02733485193621868
0 0.31640625 0.3246013667425968 0.01796875 0.02733485193621868
0 0.3421875 0.05239179954441914 0.01328125 0.02050113895216401
0 0.2953125 0.1082004555808656 0.01953125 0.029612756264236904
0 0.37109375 0.6970387243735763 0.021875 0.02847380410022779
0 0.33203125 0.835990888382688 0.01796875 0.025056947608200455
0 0.3390625 0.9738041002277904 0.01484375 0.02164009111617312
0 0.91484375 0.9612756264236902 0.0171875 0.025056947608200455
0 0.90078125 0.744874715261959 0.02421875 0.03302961275626424
0 0.92109375 0.5831435079726651 0.01484375 0.02050113895216401
0 0.9046875 0.41002277904328016 0.015625 0.023917995444191344
0 0.86796875 0.23120728929384965 0.01796875 0.022779043280182234
0 0.9125 0.09225512528473805 0.01640625 0.02619589977220957
0 0.96640625 0.214123006833713 0.01875 0.025056947608200455
0 0.9546875 0.3143507972665148 0.015625 0.022779043280182234