0 0.0921875 0.4123006833712984 0.028125 0.03986332574031891
0 0.225 0.34054669703872437 0.01640625 0.023917995444191344
0 0.2125 0.5045558086560364 0.01640625 0.018223234624145785
0 0.1984375 0.5011389521640092 0.01328125 0.0193621867881549
0 0.20625 0.48405466970387245 0.0171875 0.0193621867881549
0 0.18984375 0.48291571753986334 0.01484375 0.022779043280182234
0 0.22109375 0.48519362186788156 0.0140625 0.018223234624145785
0 0.2453125 0.46583143507972663 0.01484375 0.0193621867881549
0 0.2296875 0.46583143507972663 0.01484375 0.0193621867881549
0 0.21328125 0.46583143507972663 0.01171875 0.018223234624145785
0 0.209375 0.44533029612756264 0.015625 0.02050113895216401
0 0.2 0.4646924829157175 0.015625 0.0193621867881549
0 0.19453125 0.44646924829157175 0.0140625 0.017084282460136675
0 0.18359375 0.46583143507972663 0.01171875 0.015945330296127564
0 0.2546875 0.44646924829157175 0.0140625 0.0193621867881549
0 0.2234375 0.44646924829157175 0.0125 0.02050113895216401
0 0.290625 0.36332574031890663 0.02734375 0.0387243735763098
0 0.20078125 0.4020501138952164 0.0125 0.017084282460136675
0 0.18515625 0.14578587699316628 0.01328125 0.017084282460136675
0 0.1734375 0.13325740318906606 0.01484375 0.022779043280182234
0 0.1859375 0.1252847380410023 0.01171875 0.018223234624145785
0 0.17421875 0.11275626423690205 0.0140625 0.015945330296127564
0 0.16796875 0.1560364464692483 0.01328125 0.018223234624145785
0 0.15234375 0.1674259681093394 0.01328125 0.022779043280182234
0 0.15703125 0.14350797266514806 0.01328125 0.018223234624145785
0 0.159375 0.11958997722095673 0.0125 0.0193621867881549
0 0.13671875 0.17539863325740318 0.01484375 0.02050113895216401
0 0.1390625 0.15034168564920272 0.01640625 0.02164009111617312
0 0.18984375 0.2072892938496583 0.0125 0.018223234624145785
0 0.215625 0.12300683371298406 0.01640625 0.025056947608200455
0 0.2515625 0.08086560364464693 0.0125 0.017084282460136675
0 0.1984375 0.04669703872437358 0.0140625 0.022779043280182234
0 0.13828125 0.06605922551252848 0.02265625 0.03189066059225513
0 0.11640625 0.10364464692482915 0.01015625 0.018223234624145785
0 0.09453125 0.13211845102505695 0.01328125 0.02164009111617312
0 0.11171875 0.1662870159453303 0.0125 0.018223234624145785
0 0.2265625 0.23462414578587698 0.01484375 0.022779043280182234
0 0.23125 0.20842824601366744 0.01484375 0.023917995444191344
0 0.24296875 0.20045558086560364 0.0125 0.0193621867881549
0 0.21953125 0.1970387243735763 0.01484375 0.015945330296127564
0 0.271875 0.25854214123006836 0.0171875 0.022779043280182234
0 0.15234375 0.31662870159453305 0.0203125 0.03189066059225513
0 0.35078125 0.17539863325740318 0.00859375 0.017084282460136675
0 0.31796875 0.12870159453302962 0.01484375 0.017084282460136675
0 0.309375 0.11047835990888383 0.01484375 0.02050113895216401
0 0.31171875 0.15034168564920272 0.01328125 0.02050113895216401
0 0.3078125 0.19134396355353075 0.015625 0.02164009111617312
0 0.3015625 0.2528473804100228 0.0140625 0.0193621867881549
0 0.37109375 0.2744874715261959 0.0171875 0.02050113895216401
0 0.3796875 0.17995444191343962 0.01796875 0.02050113895216401