0 0.87421875 0.4806378132118451 0.0125 0.0193621867881549
0 0.82734375 0.11845102505694761 0.01875 0.02733485193621868
0 0.853125 0.1765375854214123 0.021875 0.03530751708428246
0 0.7265625 0.37699316628701596 0.0171875 0.02619589977220957
0 0.83359375 0.9179954441913439 0.025 0.03416856492027335
0 0.596875 0.6104783599088838 0.0125 0.0193621867881549
0 0.59609375 0.8006833712984055 0.0125 0.0193621867881549
0 0.6671875 0.6366742596810934 0.01484375 0.018223234624145785
0 0.6375 0.4328018223234624 0.01484375 0.02050113895216401
0 0.58046875 0.3223234624145786 0.015625 0.022779043280182234
0 0.63359375 0.20842824601366744 0.01328125 0.02164009111617312
0 0.57578125 0.11047835990888383 0.01328125 0.0193621867881549
0 0.4859375 0.012528473804100227 0.01171875 0.017084282460136675
0 0.38359375 0.0888382687927107 0.01875 0.029612756264236904
0 0.4296875 0.3086560364464693 0.01171875 0.018223234624145785
0 0.50078125 0.22323462414578588 0.0140625 0.0193621867881549
0 0.50546875 0.5182232346241458 0.015625 0.02619589977220957
0 0.53359375 0.8109339407744874 0.01484375 0.02050113895216401
0 0.64140625 0.8428246013667426 0.0125 0.015945330296127564
0 0.25078125 0.8849658314350797 0.015625 0.02164009111617312
0 0.24140625 0.7437357630979499 0.0140625 0.02164009111617312
0 0.24375 0.6446469248291572 0.0125 0.02050113895216401
0 0.25625 0.5216400911161732 0.0125 0.0193621867881549
0 0.26171875 0.38610478359908884 0.01484375 0.02164009111617312
0 0.26484375 0.2642369020501139 0.01640625 0.02164009111617312
0 0.25078125 0.14236902050113895 0.01796875 0.02619589977220957
0 0.09765625 0.05125284738041002 0.01796875 0.030751708428246014
0 0.09140625 0.24715261958997722 0.0125 0.018223234624145785
0 0.11953125 0.3917995444191344 0.01875 0.023917995444191344
0 0.1328125 0.5284738041002278 0.01328125 0.018223234624145785
0 0.1375 0.8006833712984055 0.01328125 0.02050113895216401
0 0.46015625 0.8154897494305239 0.01484375 0.025056947608200455
0 0.43046875 0.6537585421412301 0.01328125 0.018223234624145785