0 0.44609375 0.5056947608200456 0.01640625 0.022779043280182234
0 0.45625 0.6446469248291572 0.01328125 0.02050113895216401
0 0.49296875 0.744874715261959 0.0125 0.02050113895216401
0 0.475 0.8690205011389521 0.01640625 0.023917995444191344
0 0.615625 0.8610478359908884 0.015625 0.022779043280182234
0 0.590625 0.5660592255125285 0.0140625 0.0193621867881549
0 0.52578125 0.36674259681093396 0.01484375 0.02164009111617312
0 0.446875 0.1867881548974943 0.0140625 0.022779043280182234
0 0.3953125 0.03302961275626424 0.01875 0.02733485193621868
0 0.32890625 0.16970387243735763 0.0125 0.02050113895216401
0 0.3125 0.3109339407744875 0.0171875 0.023917995444191344
0 0.36796875 0.43394077448747154 0.0125 0.017084282460136675
0 0.34375 0.5466970387243736 0.01484375 0.025056947608200455
0 0.365625 0.6958997722095672 0.01875 0.02619589977220957
0 0.35078125 0.806378132118451 0.015625 0.022779043280182234
0 0.11484375 0.7084282460136674 0.0125 0.0193621867881549
0 0.1109375 0.7949886104783599 0.0171875 0.02619589977220957
0 0.115625 0.9225512528473804 0.01484375 0.02164009111617312
0 0.071875 0.4316628701594533 0.01796875 0.02619589977220957
0 0.08046875 0.2722095671981777 0.01875 0.02050113895216401
0 0.0859375 0.08997722095671981 0.01484375 0.0193621867881549
0 0.1609375 0.19931662870159453 0.01953125 0.029612756264236904
0 0.17578125 0.3143507972665148 0.01328125 0.0193621867881549
0 0.18671875 0.44419134396355353 0.015625 0.02050113895216401
0 0.19453125 0.5649202733485194 0.01640625 0.022779043280182234
0 0.17734375 0.6514806378132119 0.01328125 0.02050113895216401
0 0.21796875 0.7334851936218679 0.01640625 0.023917995444191344
0 0.240625 0.8018223234624146 0.01328125 0.02050113895216401
0 0.228125 0.9157175398633257 0.01328125 0.0193621867881549
0 0.3125 0.929384965831435 0.01484375 0.0193621867881549