0 0.51015625 0.49316628701594534 0.0140625 0.02050113895216401
0 0.496875 0.3712984054669704 0.0125 0.02050113895216401
0 0.47421875 0.2847380410022779 0.01171875 0.0193621867881549
0 0.47265625 0.16514806378132119 0.01484375 0.02050113895216401
0 0.52734375 0.23462414578587698 0.01328125 0.0193621867881549
0 0.5875 0.3621867881548975 0.01484375 0.02164009111617312
0 0.65625 0.43735763097949887 0.01171875 0.02050113895216401
0 0.59296875 0.5227790432801822 0.0125 0.0193621867881549
0 0.5875 0.6104783599088838 0.01328125 0.0193621867881549
0 0.5421875 0.6776765375854215 0.0140625 0.022779043280182234
0 0.54453125 0.7881548974943052 0.0125 0.02050113895216401
0 0.5453125 0.8724373576309795 0.01796875 0.022779043280182234
0 0.5109375 0.9031890660592256 0.0140625 0.02050113895216401
0 0.63203125 0.16856492027334852 0.0140625 0.022779043280182234
0 0.5640625 0.11617312072892938 0.015625 0.022779043280182234
0 0.4765625 0.06947608200455581 0.0140625 0.02164009111617312
0 0.828125 0.11047835990888383 0.01640625 0.022779043280182234
0 0.82734375 0.20159453302961275 0.01328125 0.02050113895216401
0 0.83046875 0.3325740318906606 0.0140625 0.0193621867881549
0 0.82890625 0.39749430523917995 0.01484375 0.023917995444191344
0 0.840625 0.5546697038724373 0.01640625 0.025056947608200455
0 0.84375 0.6503416856492027 0.01796875 0.023917995444191344
0 0.8515625 0.7630979498861048 0.0171875 0.022779043280182234
0 0.84453125 0.8712984054669703 0.01484375 0.02164009111617312
0 0.76015625 0.9578587699316629 0.01484375 0.02050113895216401
0 0.92265625 0.9259681093394078 0.015625 0.023917995444191344
0 0.9296875 0.8006833712984055 0.015625 0.022779043280182234
0 0.925 0.6685649202733486 0.015625 0.022779043280182234
0 0.92578125 0.4760820045558087 0.0125 0.02050113895216401
0 0.921875 0.3314350797266515 0.01640625 0.025056947608200455