0 0.55078125 0.4920273348519362 0.0171875 0.023917995444191344
0 0.540625 0.3428246013667426 0.0140625 0.02164009111617312
0 0.50078125 0.23804100227790434 0.01328125 0.02164009111617312
0 0.5203125 0.10592255125284739 0.0171875 0.025056947608200455
0 0.37109375 0.11503416856492027 0.01640625 0.025056947608200455
0 0.39765625 0.4271070615034169 0.01484375 0.02050113895216401
0 0.46640625 0.6389521640091116 0.015625 0.022779043280182234
0 0.55078125 0.8291571753986332 0.01484375 0.023917995444191344
0 0.6046875 0.9886104783599089 0.0203125 0.02164009111617312
0 0.675 0.8473804100227791 0.01328125 0.022779043280182234
0 0.6921875 0.6970387243735763 0.01796875 0.025056947608200455
0 0.63359375 0.5671981776765376 0.01328125 0.018223234624145785
0 0.65859375 0.44760820045558086 0.015625 0.02733485193621868
0 0.63671875 0.28929384965831434 0.0203125 0.02847380410022779
0 0.65234375 0.17198177676537585 0.01640625 0.023917995444191344
0 0.90234375 0.275626423690205 0.01328125 0.02050113895216401
0 0.90625 0.1845102505694761 0.01875 0.02733485193621868
0 0.9015625 0.0489749430523918 0.015625 0.022779043280182234
0 0.94765625 0.5694760820045558 0.01875 0.02847380410022779
0 0.93828125 0.7391799544419134 0.0203125 0.022779043280182234
0 0.93203125 0.9316628701594533 0.015625 0.02164009111617312
0 0.853125 0.8154897494305239 0.02109375 0.03189066059225513
0 0.8375 0.6947608200455581 0.0140625 0.02050113895216401
0 0.82578125 0.5558086560364465 0.01640625 0.02164009111617312
0 0.81796875 0.428246013667426 0.0171875 0.025056947608200455
0 0.8359375 0.3359908883826879 0.0140625 0.02164009111617312
0 0.7921875 0.24943052391799544 0.0171875 0.02619589977220957
0 0.76875 0.1765375854214123 0.0140625 0.022779043280182234
0 0.78203125 0.05580865603644647 0.0140625 0.02164009111617312
0 0.6921875 0.04214123006833713 0.015625 0.02050113895216401