0 0.371875 0.520501138952164 0.0140625 0.02050113895216401
0 0.371875 0.5011389521640092 0.01328125 0.018223234624145785
0 0.38203125 0.48405466970387245 0.01484375 0.02164009111617312
0 0.38359375 0.43507972665148065 0.0171875 0.02164009111617312
0 0.38671875 0.4624145785876993 0.01796875 0.025056947608200455
0 0.41640625 0.45671981776765375 0.01484375 0.0193621867881549
0 0.40078125 0.44646924829157175 0.01171875 0.018223234624145785
0 0.375 0.40888382687927105 0.01328125 0.02164009111617312
0 0.38671875 0.3906605922551253 0.0140625 0.017084282460136675
0 0.41484375 0.3917995444191344 0.01171875 0.017084282460136675
0 0.4390625 0.4157175398633257 0.0125 0.0193621867881549
0 0.4578125 0.42255125284738043 0.01640625 0.025056947608200455
0 0.45390625 0.4715261958997722 0.015625 0.0193621867881549
0 0.41328125 0.5273348519362187 0.015625 0.022779043280182234
0 0.4140625 0.5034168564920274 0.01484375 0.0193621867881549
0 0.29140625 0.49658314350797267 0.01328125 0.015945330296127564
0 0.3421875 0.5125284738041003 0.01484375 0.023917995444191344
0 0.44453125 0.55125284738041 0.0203125 0.023917995444191344
0 0.40859375 0.5740318906605922 0.01875 0.022779043280182234
0 0.37109375 0.5637813211845103 0.01640625 0.0193621867881549
0 0.38046875 0.5466970387243736 0.01171875 0.015945330296127564
0 0.33203125 0.42482915717539865 0.01796875 0.02619589977220957
0 0.36640625 0.428246013667426 0.01640625 0.023917995444191344
0 0.40078125 0.42596810933940776 0.0125 0.018223234624145785
0 0.33828125 0.5364464692482915 0.015625 0.0193621867881549
0 0.4296875 0.44874715261959 0.0140625 0.02050113895216401
0 0.39453125 0.3564920273348519 0.01328125 0.02050113895216401
0 0.3640625 0.36332574031890663 0.0140625 0.0193621867881549
0 0.35859375 0.40774487471526194 0.01171875 0.018223234624145785
0 0.41484375 0.3724373576309795 0.0109375 0.02164009111617312
0 0.440625 0.3348519362186788 0.0265625 0.03530751708428246
0 0.49921875 0.3929384965831435 0.01953125 0.02619589977220957
0 0.48984375 0.4521640091116173 0.02109375 0.02847380410022779
0 0.49453125 0.5170842824601367 0.01484375 0.017084282460136675
0 0.5390625 0.48291571753986334 0.0125 0.017084282460136675
0 0.5390625 0.4168564920273349 0.01484375 0.0193621867881549
0 0.52734375 0.3621867881548975 0.01484375 0.0193621867881549
0 0.5484375 0.39635535307517084 0.015625 0.023917995444191344
0 0.553125 0.44646924829157175 0.01328125 0.017084282460136675
0 0.56796875 0.44760820045558086 0.01328125 0.02050113895216401
0 0.56484375 0.4031890660592255 0.0125 0.0193621867881549
0 0.5703125 0.36104783599088835 0.01171875 0.0193621867881549
0 0.52109375 0.5330296127562643 0.01640625 0.030751708428246014
0 0.553125 0.5170842824601367 0.015625 0.02164009111617312
0 0.59140625 0.48405466970387245 0.01484375 0.017084282460136675
0 0.596875 0.5170842824601367 0.0125 0.02050113895216401
0 0.5765625 0.5489749430523918 0.01640625 0.022779043280182234
0 0.56015625 0.5660592255125285 0.0140625 0.017084282460136675
0 0.50625 0.5865603644646925 0.01328125 0.017084282460136675
0 0.52109375 0.5774487471526196 0.01171875 0.0193621867881549
0 0.53671875 0.6173120728929385 0.015625 0.0193621867881549