0 0.40625 0.5444191343963554 0.01484375 0.0193621867881549
0 0.39140625 0.5330296127562643 0.01640625 0.02050113895216401
0 0.38984375 0.5091116173120729 0.015625 0.02050113895216401
0 0.43125 0.4988610478359909 0.0140625 0.02164009111617312
0 0.43046875 0.5193621867881549 0.01484375 0.018223234624145785
0 0.4515625 0.5774487471526196 0.01953125 0.030751708428246014
0 0.46171875 0.5444191343963554 0.01796875 0.02619589977220957
0 0.48984375 0.5148063781321185 0.01953125 0.029612756264236904
0 0.4171875 0.4874715261958998 0.01484375 0.02050113895216401
0 0.41953125 0.5535307517084282 0.0140625 0.0193621867881549
0 0.4171875 0.5079726651480638 0.015625 0.02164009111617312
0 0.4171875 0.5296127562642369 0.0140625 0.02050113895216401
0 0.4046875 0.520501138952164 0.01484375 0.02050113895216401
0 0.44453125 0.5501138952164009 0.01484375 0.023917995444191344
0 0.43046875 0.5398633257403189 0.0171875 0.022779043280182234
0 0.46015625 0.4612756264236902 0.015625 0.023917995444191344
0 0.4578125 0.3929384965831435 0.0171875 0.02619589977220957
0 0.446875 0.417995444191344 0.0171875 0.02619589977220957
0 0.4828125 0.4305239179954442 0.01484375 0.023917995444191344
0 0.51015625 0.4271070615034169 0.015625 0.02050113895216401
0 0.49453125 0.4191343963553531 0.01796875 0.02050113895216401
0 0.48359375 0.40774487471526194 0.01328125 0.018223234624145785
0 0.46796875 0.417995444191344 0.0203125 0.02733485193621868
0 0.4796875 0.4646924829157175 0.01953125 0.02619589977220957
0 0.53046875 0.5068337129840547 0.0140625 0.02050113895216401
0 0.5515625 0.570615034168565 0.015625 0.022779043280182234
0 0.52265625 0.5865603644646925 0.015625 0.02050113895216401
0 0.5046875 0.6184510250569476 0.015625 0.022779043280182234
0 0.44375 0.6321184510250569 0.025 0.03644646924829157
0 0.46875 0.6298405466970387 0.015625 0.022779043280182234
0 0.446875 0.6651480637813212 0.015625 0.023917995444191344
0 0.478125 0.6503416856492027 0.01796875 0.025056947608200455
0 0.4609375 0.6514806378132119 0.01796875 0.025056947608200455
0 0.609375 0.6902050113895216 0.0203125 0.030751708428246014
0 0.63359375 0.6207289293849658 0.0203125 0.02847380410022779
0 0.57109375 0.6070615034168565 0.0171875 0.023917995444191344
0 0.53125 0.6082004555808656 0.01484375 0.02050113895216401
0 0.4765625 0.6070615034168565 0.01640625 0.022779043280182234
0 0.40546875 0.6309794988610479 0.01875 0.02733485193621868
0 0.41953125 0.6708428246013668 0.0125 0.017084282460136675
0 0.4546875 0.6890660592255126 0.01875 0.02619589977220957
0 0.434375 0.6788154897494305 0.01328125 0.018223234624145785
0 0.46953125 0.6753986332574032 0.01796875 0.02619589977220957
0 0.41953125 0.6480637813211845 0.01484375 0.02050113895216401
0 0.49453125 0.5444191343963554 0.0140625 0.023917995444191344
0 0.4859375 0.5649202733485194 0.0171875 0.0193621867881549
0 0.5015625 0.5968109339407744 0.0140625 0.02050113895216401
0 0.5203125 0.5649202733485194 0.01328125 0.018223234624145785
0 0.540625 0.5489749430523918 0.01484375 0.02164009111617312
0 0.52578125 0.5455580865603644 0.0125 0.018223234624145785