0 0.4515625 0.45899772209567197 0.015625 0.025056947608200455
0 0.44921875 0.6173120728929385 0.01640625 0.030751708428246014
0 0.434375 0.9248291571753986 0.0171875 0.023917995444191344
0 0.5109375 0.9009111617312073 0.015625 0.02164009111617312
0 0.52109375 0.7596810933940774 0.01484375 0.022779043280182234
0 0.603125 0.6788154897494305 0.02109375 0.029612756264236904
0 0.575 0.5501138952164009 0.0140625 0.022779043280182234
0 0.55546875 0.3712984054669704 0.0265625 0.0387243735763098
0 0.40703125 0.3200455580865604 0.02421875 0.03302961275626424
0 0.53125 0.2152619589977221 0.01484375 0.022779043280182234
0 0.51953125 0.03302961275626424 0.01640625 0.023917995444191344
0 0.85234375 0.1252847380410023 0.0140625 0.023917995444191344
0 0.87734375 0.0056947608200455585 0.015625 0.011389521640091117
0 0.86484375 0.2722095671981777 0.0171875 0.029612756264236904
0 0.86875 0.4316628701594533 0.01640625 0.022779043280182234
0 0.803125 0.5831435079726651 0.0171875 0.025056947608200455
0 0.83203125 0.7813211845102506 0.0171875 0.023917995444191344
0 0.83046875 0.9328018223234624 0.01796875 0.02847380410022779
0 0.90078125 0.8599088838268792 0.01796875 0.02619589977220957
0 0.93671875 0.7835990888382688 0.015625 0.025056947608200455
0 0.9484375 0.6708428246013668 0.015625 0.02164009111617312
0 0.9359375 0.5364464692482915 0.01484375 0.023917995444191344
0 0.96171875 0.3690205011389522 0.02109375 0.02847380410022779
0 0.9359375 0.30751708428246016 0.01796875 0.02847380410022779
0 0.95859375 0.12186788154897495 0.015625 0.022779043280182234
0 0.77109375 0.03416856492027335 0.01796875 0.02619589977220957
0 0.77890625 0.2357630979498861 0.01875 0.029612756264236904
0 0.7515625 0.3952164009111617 0.01796875 0.02619589977220957
0 0.70625 0.6093394077448747 0.01484375 0.02050113895216401