0 0.3984375 0.4612756264236902 0.0109375 0.02050113895216401
0 0.3875 0.4510250569476082 0.0140625 0.018223234624145785
0 0.415625 0.4715261958997722 0.01328125 0.0193621867881549
0 0.4125 0.4510250569476082 0.01171875 0.015945330296127564
0 0.40078125 0.4407744874715262 0.01171875 0.015945330296127564
0 0.38828125 0.4328018223234624 0.01328125 0.017084282460136675
0 0.38515625 0.3895216400911162 0.015625 0.0193621867881549
0 0.4015625 0.4214123006833713 0.01328125 0.02050113895216401
0 0.3890625 0.41002277904328016 0.01328125 0.017084282460136675
0 0.4015625 0.39977220956719817 0.0125 0.017084282460136675
0 0.43046875 0.48177676537585423 0.01328125 0.018223234624145785
0 0.428125 0.4612756264236902 0.0125 0.018223234624145785
0 0.40234375 0.4806378132118451 0.0109375 0.017084282460136675
0 0.3765625 0.48519362186788156 0.01328125 0.0193621867881549
0 0.378125 0.5284738041002278 0.01171875 0.015945330296127564
0 0.3890625 0.5136674259681093 0.015625 0.0193621867881549
0 0.41640625 0.4920273348519362 0.01171875 0.015945330296127564
0 0.35859375 0.45558086560364464 0.015625 0.02164009111617312
0 0.36171875 0.43394077448747154 0.0125 0.018223234624145785
0 0.3484375 0.4772209567198178 0.0140625 0.018223234624145785
0 0.3515625 0.510250569476082 0.0109375 0.0193621867881549
0 0.36328125 0.49658314350797267 0.01328125 0.01366742596810934
0 0.3625 0.4772209567198178 0.01328125 0.017084282460136675
0 0.37578125 0.4168564920273349 0.01171875 0.017084282460136675
0 0.425 0.4396355353075171 0.01328125 0.017084282460136675
0 0.4046875 0.5239179954441914 0.0125 0.017084282460136675
0 0.4515625 0.5056947608200456 0.01171875 0.017084282460136675
0 0.44609375 0.46924829157175396 0.01171875 0.018223234624145785
0 0.43671875 0.5079726651480638 0.01640625 0.017084282460136675
0 0.46171875 0.5227790432801822 0.01328125 0.015945330296127564
0 0.475 0.4772209567198178 0.01796875 0.025056947608200455
0 0.44921875 0.428246013667426 0.0109375 0.015945330296127564
0 0.4328125 0.4157175398633257 0.01875 0.02619589977220957
0 0.39921875 0.3804100227790433 0.0140625 0.018223234624145785
0 0.325 0.5159453302961275 0.01328125 0.0193621867881549
0 0.48984375 0.46583143507972663 0.01328125 0.018223234624145785
0 0.465625 0.4054669703872437 0.01484375 0.022779043280182234
0 0.49921875 0.42482915717539865 0.0125 0.018223234624145785
0 0.5265625 0.43621867881548976 0.015625 0.022779043280182234
0 0.5359375 0.46810933940774485 0.01015625 0.017084282460136675
0 0.5203125 0.5056947608200456 0.01328125 0.023917995444191344
0 0.534375 0.5375854214123007 0.0125 0.02164009111617312
0 0.56171875 0.5569476082004556 0.0140625 0.02050113895216401
0 0.53046875 0.5842824601366743 0.01171875 0.02050113895216401
0 0.46875 0.5535307517084282 0.01171875 0.02050113895216401
0 0.43203125 0.570615034168565 0.01875 0.022779043280182234
0 0.47890625 0.5876993166287016 0.01171875 0.014806378132118452
0 0.4921875 0.5182232346241458 0.01640625 0.023917995444191344
0 0.50390625 0.38838268792710706 0.0140625 0.02050113895216401
0 0.53671875 0.3792710706150342 0.0125 0.0193621867881549