0 0.58359375 0.46697038724373574 0.01640625 0.022779043280182234
0 0.58203125 0.32801822323462415 0.021875 0.03302961275626424
0 0.575 0.1765375854214123 0.01171875 0.018223234624145785
0 0.52890625 0.04441913439635535 0.01484375 0.02050113895216401
0 0.5859375 0.8940774487471527 0.0140625 0.0193621867881549
0 0.45234375 0.7984054669703873 0.01484375 0.02050113895216401
0 0.6921875 0.7482915717539863 0.021875 0.03416856492027335
0 0.6484375 0.7004555808656037 0.01484375 0.02164009111617312
0 0.70234375 0.4612756264236902 0.01328125 0.017084282460136675
0 0.6953125 0.32801822323462415 0.01171875 0.018223234624145785
0 0.6625 0.17995444191343962 0.0125 0.02050113895216401
0 0.67109375 0.022779043280182234 0.01171875 0.0193621867881549
0 0.58515625 0.07403189066059225 0.0125 0.02050113895216401
0 0.325 0.11161731207289294 0.0140625 0.02050113895216401
0 0.3234375 0.05466970387243736 0.0109375 0.01366742596810934
0 0.43515625 0.0387243735763098 0.015625 0.023917995444191344
0 0.45625 0.28018223234624146 0.0125 0.015945330296127564
0 0.47578125 0.5148063781321185 0.0109375 0.017084282460136675
0 0.21328125 0.7391799544419134 0.01484375 0.0193621867881549
0 0.21171875 0.6082004555808656 0.0109375 0.017084282460136675
0 0.1765625 0.47494305239179957 0.015625 0.023917995444191344
0 0.13203125 0.26879271070615035 0.01796875 0.02847380410022779
0 0.23046875 0.08314350797266515 0.02109375 0.029612756264236904
0 0.23828125 0.27904328018223234 0.01640625 0.02164009111617312
0 0.86484375 0.24259681093394078 0.0125 0.02050113895216401
0 0.83671875 0.5820045558086561 0.01328125 0.02050113895216401
0 0.84765625 0.835990888382688 0.01328125 0.022779043280182234
0 0.8921875 0.662870159453303 0.0125 0.0193621867881549
0 0.90859375 0.40888382687927105 0.01015625 0.018223234624145785
0 0.8375 0.3542141230068337 0.01015625 0.015945330296127564