0 0.60390625 0.8735763097949886 0.0140625 0.02164009111617312
0 0.64375 0.7015945330296127 0.01875 0.025056947608200455
0 0.60078125 0.6378132118451025 0.02265625 0.03530751708428246
0 0.590625 0.4510250569476082 0.01328125 0.02164009111617312
0 0.7515625 0.36446469248291574 0.0140625 0.02050113895216401
0 0.71015625 0.2517084282460137 0.0234375 0.0387243735763098
0 0.61484375 0.21981776765375854 0.01171875 0.02164009111617312
0 0.4765625 0.6537585421412301 0.0140625 0.02050113895216401
0 0.4671875 0.7687927107061503 0.0140625 0.02164009111617312
0 0.509375 0.8644646924829157 0.01328125 0.018223234624145785
0 0.37890625 0.9453302961275627 0.01640625 0.02164009111617312
0 0.3046875 0.8451025056947609 0.01640625 0.02619589977220957
0 0.37109375 0.8120728929384966 0.01484375 0.0193621867881549
0 0.4765625 0.9305239179954442 0.01328125 0.0193621867881549
0 0.72265625 0.06378132118451026 0.02109375 0.030751708428246014
0 0.134375 0.1275626423690205 0.0140625 0.02164009111617312
0 0.1140625 0.18906605922551253 0.01484375 0.025056947608200455
0 0.06796875 0.3200455580865604 0.01640625 0.025056947608200455
0 0.12421875 0.39749430523917995 0.021875 0.03189066059225513
0 0.14453125 0.5523917995444191 0.015625 0.025056947608200455
0 0.0671875 0.5956719817767654 0.01484375 0.023917995444191344
0 0.0734375 0.7574031890660592 0.021875 0.03416856492027335
0 0.1921875 0.8826879271070615 0.015625 0.025056947608200455
0 0.084375 0.9031890660592256 0.0125 0.0193621867881549
0 0.26015625 0.5353075170842825 0.0140625 0.0193621867881549
0 0.26484375 0.2152619589977221 0.01640625 0.025056947608200455
0 0.4875 0.23690205011389523 0.01484375 0.02050113895216401
0 0.459375 0.3929384965831435 0.01484375 0.02164009111617312
0 0.403125 0.4316628701594533 0.01328125 0.0193621867881549
0 0.3953125 0.6036446469248291 0.01328125 0.02164009111617312