0 0.11171875 0.2517084282460137 0.01328125 0.02050113895216401
0 0.1421875 0.224373576309795 0.01953125 0.018223234624145785
0 0.2265625 0.3564920273348519 0.03203125 0.03986332574031891
0 0.4171875 0.36332574031890663 0.01796875 0.029612756264236904
0 0.190625 0.2437357630979499 0.01875 0.02050113895216401
0 0.471875 0.6252847380410023 0.01328125 0.022779043280182234
0 0.5875 0.693621867881549 0.01796875 0.02164009111617312
0 0.5890625 0.6321184510250569 0.0140625 0.02619589977220957
0 0.56875 0.4635535307517084 0.01640625 0.018223234624145785
0 0.7328125 0.3564920273348519 0.02578125 0.03644646924829157
0 0.82265625 0.26651480637813213 0.01328125 0.022779043280182234
0 0.85625 0.5398633257403189 0.0140625 0.025056947608200455
0 0.82734375 0.6651480637813212 0.01484375 0.02050113895216401
0 0.70234375 0.5785876993166287 0.0171875 0.02164009111617312
0 0.62265625 0.3826879271070615 0.015625 0.02164009111617312
0 0.75390625 0.25740318906605925 0.015625 0.017084282460136675
0 0.80859375 0.0774487471526196 0.0203125 0.02619589977220957
0 0.76640625 0.19931662870159453 0.0140625 0.025056947608200455
0 0.1796875 0.5170842824601367 0.01484375 0.02164009111617312
0 0.13046875 0.5899772209567198 0.0125 0.015945330296127564
0 0.18671875 0.591116173120729 0.01640625 0.025056947608200455
0 0.240625 0.5398633257403189 0.01796875 0.023917995444191344
0 0.35546875 0.7050113895216401 0.0171875 0.02733485193621868
0 0.31796875 0.3564920273348519 0.01875 0.02733485193621868
0 0.246875 0.11389521640091116 0.0203125 0.030751708428246014
0 0.4203125 0.20045558086560364 0.021875 0.03189066059225513
0 0.18359375 0.6947608200455581 0.0171875 0.025056947608200455
0 0.2546875 0.7642369020501139 0.021875 0.023917995444191344
0 0.09375 0.7312072892938497 0.021875 0.02847380410022779
0 0.0421875 0.6765375854214123 0.02578125 0.029612756264236904
0 0.07734375 0.4407744874715262 0.01796875 0.02733485193621868
0 0.51015625 0.17312072892938496 0.01796875 0.02733485193621868
0 0.5625 0.8075170842824602 0.01640625 0.02619589977220957
0 0.6421875 0.8929384965831435 0.015625 0.02164009111617312
0 0.7546875 0.7790432801822323 0.0140625 0.02164009111617312
0 0.81171875 0.7881548974943052 0.01328125 0.02050113895216401
0 0.7921875 0.5466970387243736 0.01953125 0.02733485193621868
0 0.80859375 0.3815489749430524 0.02265625 0.022779043280182234
0 0.9234375 0.23462414578587698 0.01484375 0.0193621867881549
0 0.91171875 0.7699316628701595 0.0125 0.0193621867881549
0 0.7765625 0.876993166287016 0.0171875 0.02050113895216401
0 0.61796875 0.765375854214123 0.02265625 0.025056947608200455
0 0.42578125 0.4624145785876993 0.02265625 0.025056947608200455
0 0.13359375 0.8747152619589977 0.01640625 0.02050113895216401
0 0.29609375 0.9578587699316629 0.01953125 0.029612756264236904
0 0.4078125 0.9316628701594533 0.01484375 0.022779043280182234
0 0.50390625 0.9328018223234624 0.02109375 0.025056947608200455
0 0.090625 0.12300683371298406 0.01875 0.030751708428246014
0 0.11171875 0.4863325740318907 0.0171875 0.025056947608200455
0 0.06640625 0.60250569476082 0.02265625 0.02847380410022779