0 0.0203125 0.6697038724373576 0.0171875 0.025056947608200455
0 0.18515625 0.7517084282460137 0.02109375 0.03302961275626424
0 0.85625 0.32574031890660593 0.0125 0.0193621867881549
0 0.89921875 0.26651480637813213 0.0171875 0.02164009111617312
0 0.428125 0.3359908883826879 0.02421875 0.025056947608200455
0 0.37734375 0.5785876993166287 0.02109375 0.029612756264236904
0 0.31015625 0.31776765375854216 0.01953125 0.023917995444191344
0 0.22734375 0.38496583143507973 0.015625 0.0193621867881549
0 0.1875 0.23690205011389523 0.0171875 0.025056947608200455
0 0.221875 0.5455580865603644 0.0203125 0.02733485193621868
0 0.1578125 0.4145785876993166 0.0203125 0.0193621867881549
0 0.0078125 0.3314350797266515 0.015625 0.02847380410022779
0 0.06796875 0.18223234624145787 0.0125 0.025056947608200455
0 0.12734375 0.7892938496583144 0.021875 0.02847380410022779
0 0.18671875 0.9373576309794989 0.0203125 0.02847380410022779
0 0.47578125 0.8656036446469249 0.02421875 0.03416856492027335
0 0.38359375 0.8337129840546698 0.0265625 0.03758542141230068
0 0.165625 0.664009111617312 0.0375 0.03986332574031891
0 0.06328125 0.47494305239179957 0.0140625 0.022779043280182234
0 0.50078125 0.6241457858769932 0.0125 0.02164009111617312
0 0.74375 0.8519362186788155 0.01640625 0.02050113895216401
0 0.753125 0.4328018223234624 0.0140625 0.029612756264236904
0 0.5671875 0.4293849658314351 0.0171875 0.02619589977220957
0 0.62578125 0.4020501138952164 0.01484375 0.023917995444191344
0 0.56953125 0.2984054669703872 0.01640625 0.023917995444191344
0 0.59453125 0.2152619589977221 0.02421875 0.02733485193621868
0 0.63671875 0.26765375854214124 0.01484375 0.025056947608200455
0 0.665625 0.23690205011389523 0.01640625 0.023917995444191344
0 0.38046875 0.21753986332574032 0.01796875 0.023917995444191344
0 0.41171875 0.12300683371298406 0.01640625 0.02050113895216401
0 0.41171875 0.17539863325740318 0.01875 0.0193621867881549
0 0.26875 0.6594533029612756 0.0234375 0.03758542141230068
0 0.26640625 0.5227790432801822 0.0140625 0.02050113895216401
0 0.12578125 0.5182232346241458 0.01015625 0.02164009111617312
0 0.62421875 0.8724373576309795 0.0171875 0.02050113895216401
0 0.80546875 0.9601366742596811 0.0171875 0.029612756264236904
0 0.82734375 0.6298405466970387 0.01953125 0.022779043280182234
0 0.91015625 0.6070615034168565 0.01015625 0.02164009111617312
0 0.83203125 0.7414578587699316 0.021875 0.02733485193621868
0 0.6765625 0.3678815489749431 0.01875 0.029612756264236904
0 0.74609375 0.7710706150341685 0.015625 0.02164009111617312
0 0.62265625 0.623006833712984 0.01875 0.02619589977220957
0 0.5 0.4601366742596811 0.01640625 0.030751708428246014
0 0.48984375 0.3553530751708428 0.01640625 0.022779043280182234
0 0.33671875 0.4419134396355353 0.0140625 0.02164009111617312
0 0.3859375 0.4123006833712984 0.01875 0.025056947608200455
0 0.04765625 0.8006833712984055 0.01875 0.023917995444191344
0 0.00390625 0.8849658314350797 0.00703125 0.02733485193621868
0 0.02109375 0.9236902050113895 0.021875 0.03416856492027335
0 0.8296875 0.8302961275626424 0.0234375 0.02733485193621868
0 0.91015625 0.9271070615034168 0.01875 0.022779043280182234