0 0.4578125 0.7710706150341685 0.0140625 0.02164009111617312
0 0.46328125 0.6321184510250569 0.01484375 0.022779043280182234
0 0.453125 0.5501138952164009 0.0109375 0.018223234624145785
0 0.45546875 0.43735763097949887 0.0125 0.0193621867881549
0 0.4703125 0.48405466970387245 0.01875 0.02847380410022779
0 0.4234375 0.49544419134396356 0.0125 0.017084282460136675
0 0.39296875 0.4715261958997722 0.01484375 0.018223234624145785
0 0.4 0.530751708428246 0.01328125 0.0193621867881549
0 0.52421875 0.5296127562642369 0.01171875 0.018223234624145785
0 0.5625 0.5136674259681093 0.01328125 0.018223234624145785
0 0.53359375 0.6605922551252847 0.015625 0.025056947608200455
0 0.5109375 0.6890660592255126 0.01171875 0.018223234624145785
0 0.49765625 0.734624145785877 0.01640625 0.022779043280182234
0 0.5 0.5968109339407744 0.0109375 0.018223234624145785
0 0.5703125 0.6993166287015945 0.01640625 0.02050113895216401
0 0.50859375 0.8838268792710706 0.0171875 0.023917995444191344
0 0.54375 0.89749430523918 0.0140625 0.0193621867881549
0 0.52109375 0.928246013667426 0.0140625 0.018223234624145785
0 0.4765625 0.9031890660592256 0.01015625 0.014806378132118452
0 0.45078125 0.8986332574031891 0.0109375 0.015945330296127564
0 0.434375 0.907744874715262 0.01328125 0.017084282460136675
0 0.471875 0.9533029612756264 0.0109375 0.015945330296127564
0 0.428125 0.958997722095672 0.01328125 0.018223234624145785
0 0.375 0.9886104783599089 0.01328125 0.015945330296127564
0 0.44609375 0.9874715261958997 0.01015625 0.014806378132118452
0 0.4765625 0.9943052391799544 0.01171875 0.011389521640091117
0 0.55 0.9681093394077449 0.0125 0.0193621867881549
0 0.590625 0.969248291571754 0.01015625 0.014806378132118452
0 0.6203125 0.9384965831435079 0.0140625 0.02164009111617312
0 0.5578125 0.7790432801822323 0.01640625 0.025056947608200455
0 0.55234375 0.6104783599088838 0.0140625 0.02050113895216401
0 0.61015625 0.6241457858769932 0.01328125 0.022779043280182234
0 0.5625 0.4510250569476082 0.01484375 0.018223234624145785
0 0.5609375 0.2984054669703872 0.0125 0.018223234624145785
0 0.55546875 0.12072892938496584 0.0140625 0.0193621867881549
0 0.4796875 0.10592255125284739 0.015625 0.02164009111617312
0 0.43359375 0.11503416856492027 0.0171875 0.0193621867881549
0 0.41796875 0.07972665148063782 0.01015625 0.01366742596810934
0 0.44296875 0.05125284738041002 0.01015625 0.015945330296127564
0 0.3859375 0.1469248291571754 0.01484375 0.017084282460136675
0 0.4265625 0.22095671981776766 0.02109375 0.03530751708428246
0 0.365625 0.21981776765375854 0.01171875 0.0193621867881549
0 0.3703125 0.3462414578587699 0.015625 0.018223234624145785
0 0.4296875 0.33826879271070615 0.01796875 0.025056947608200455
0 0.48359375 0.3120728929384966 0.01328125 0.02050113895216401
0 0.4828125 0.3701594533029613 0.01328125 0.02164009111617312
0 0.53359375 0.4191343963553531 0.01328125 0.02164009111617312
0 0.48828125 0.42596810933940776 0.0125 0.0193621867881549
0 0.38046875 0.38610478359908884 0.01484375 0.0193621867881549
0 0.56875 0.017084282460136675 0.01328125 0.0193621867881549