0 0.0453125 0.6321184510250569 0.0296875 0.04214123006833713
0 0.1859375 0.7095671981776766 0.0171875 0.025056947608200455
0 0.17265625 0.5341685649202733 0.0171875 0.0193621867881549
0 0.1578125 0.5375854214123007 0.0140625 0.02050113895216401
0 0.16640625 0.5558086560364465 0.01796875 0.02050113895216401
0 0.14921875 0.5569476082004556 0.015625 0.023917995444191344
0 0.1828125 0.5546697038724373 0.01484375 0.0193621867881549
0 0.2078125 0.5751708428246014 0.01640625 0.02050113895216401
0 0.19140625 0.5751708428246014 0.015625 0.02050113895216401
0 0.17421875 0.5751708428246014 0.0125 0.0193621867881549
0 0.16953125 0.5968109339407744 0.01640625 0.02164009111617312
0 0.159375 0.5763097949886105 0.01640625 0.02050113895216401
0 0.15390625 0.5956719817767654 0.01484375 0.018223234624145785
0 0.14296875 0.5751708428246014 0.0125 0.017084282460136675
0 0.21796875 0.5956719817767654 0.01484375 0.02050113895216401
0 0.184375 0.5968109339407744 0.01328125 0.02164009111617312
0 0.25625 0.683371298405467 0.02890625 0.04100227790432802
0 0.16015625 0.642369020501139 0.01328125 0.018223234624145785
0 0.14375 0.9157175398633257 0.0140625 0.017084282460136675
0 0.13125 0.928246013667426 0.015625 0.023917995444191344
0 0.1453125 0.9384965831435079 0.0125 0.0193621867881549
0 0.13203125 0.9510250569476082 0.01484375 0.017084282460136675
0 0.12578125 0.9054669703872438 0.0140625 0.0193621867881549
0 0.10859375 0.8929384965831435 0.0140625 0.023917995444191344
0 0.1140625 0.9191343963553531 0.0140625 0.02050113895216401
0 0.11640625 0.9430523917995444 0.01328125 0.02050113895216401
0 0.0921875 0.8838268792710706 0.015625 0.02164009111617312
0 0.09453125 0.9111617312072893 0.0171875 0.022779043280182234
0 0.14921875 0.8507972665148064 0.01328125 0.0193621867881549
0 0.1765625 0.9407744874715261 0.0171875 0.02733485193621868
0 0.2140625 0.9840546697038725 0.01328125 0.018223234624145785
0 0.09453125 0.9920273348519362 0.02421875 0.015945330296127564
0 0.07109375 0.9612756264236902 0.0109375 0.0193621867881549
0 0.046875 0.9305239179954442 0.0140625 0.022779043280182234
0 0.06640625 0.8940774487471527 0.01328125 0.0193621867881549
0 0.1875 0.8211845102505695 0.01640625 0.023917995444191344
0 0.19296875 0.8496583143507973 0.015625 0.025056947608200455
0 0.20546875 0.857630979498861 0.01328125 0.02050113895216401
0 0.18046875 0.8610478359908884 0.015625 0.017084282460136675
0 0.2359375 0.7949886104783599 0.01875 0.023917995444191344
0 0.109375 0.734624145785877 0.02109375 0.03416856492027335
0 0.3203125 0.8849658314350797 0.009375 0.018223234624145785
0 0.2859375 0.9339407744874715 0.015625 0.018223234624145785
0 0.2765625 0.9533029612756264 0.01640625 0.02164009111617312
0 0.278125 0.9111617312072893 0.0140625 0.02164009111617312
0 0.27421875 0.8678815489749431 0.01640625 0.022779043280182234
0 0.26796875 0.8018223234624146 0.015625 0.02050113895216401
0 0.34140625 0.7790432801822323 0.01875 0.02164009111617312
0 0.3515625 0.8792710706150342 0.01953125 0.022779043280182234