0 0.5109375 0.49316628701594534 0.0140625 0.02050113895216401
0 0.496875 0.36674259681093396 0.01328125 0.02164009111617312
0 0.4734375 0.27790432801822323 0.0125 0.02050113895216401
0 0.471875 0.15261958997722094 0.015625 0.02164009111617312
0 0.52890625 0.224373576309795 0.0140625 0.02050113895216401
0 0.590625 0.3564920273348519 0.015625 0.022779043280182234
0 0.6625 0.43507972665148065 0.0125 0.02050113895216401
0 0.596875 0.5239179954441914 0.0125 0.02050113895216401
0 0.590625 0.6150341685649203 0.01328125 0.0193621867881549
0 0.54375 0.6845102505694761 0.01484375 0.022779043280182234
0 0.54609375 0.7995444191343963 0.01328125 0.02164009111617312
0 0.546875 0.8861047835990888 0.01875 0.023917995444191344
0 0.51171875 0.9191343963553531 0.0140625 0.02164009111617312
0 0.6375 0.1560364464692483 0.0140625 0.023917995444191344
0 0.5671875 0.10250569476082004 0.015625 0.023917995444191344
0 0.4765625 0.05353075170842825 0.01484375 0.02164009111617312
0 0.840625 0.09567198177676538 0.0171875 0.023917995444191344
0 0.83984375 0.19134396355353075 0.0140625 0.02164009111617312
0 0.84375 0.32687927107061504 0.0140625 0.02050113895216401
0 0.84140625 0.3940774487471526 0.015625 0.025056947608200455
0 0.853125 0.5569476082004556 0.01640625 0.02619589977220957
0 0.85703125 0.6560364464692483 0.01875 0.025056947608200455
0 0.865625 0.7733485193621867 0.01796875 0.023917995444191344
0 0.8578125 0.8861047835990888 0.015625 0.022779043280182234
0 0.7703125 0.9760820045558086 0.01484375 0.02164009111617312
0 0.9390625 0.9419134396355353 0.01640625 0.025056947608200455
0 0.94609375 0.8120728929384966 0.01640625 0.022779043280182234
0 0.94140625 0.6753986332574032 0.01640625 0.023917995444191344
0 0.9421875 0.4760820045558087 0.0125 0.02050113895216401
0 0.93828125 0.32574031890660593 0.0171875 0.02619589977220957