0 0.84140625 0.1492027334851936 0.01953125 0.025056947608200455
0 0.77109375 0.11047835990888383 0.0203125 0.030751708428246014
0 0.59296875 0.8177676537585421 0.0203125 0.025056947608200455
0 0.8375 0.8929384965831435 0.01796875 0.02733485193621868
0 0.46953125 0.36104783599088835 0.01953125 0.02733485193621868
0 0.33359375 0.18223234624145787 0.015625 0.025056947608200455
0 0.60234375 0.214123006833713 0.021875 0.03416856492027335
0 0.7546875 0.6389521640091116 0.015625 0.02733485193621868
0 0.38359375 0.6264236902050114 0.0171875 0.029612756264236904
0 0.53203125 0.6264236902050114 0.01484375 0.022779043280182234
0 0.59296875 0.3940774487471526 0.01796875 0.022779043280182234
0 0.23515625 0.479498861047836 0.01953125 0.025056947608200455
0 0.4546875 0.7585421412300684 0.025 0.03416856492027335
0 0.6390625 0.5045558086560364 0.01875 0.02050113895216401
0 0.35625 0.39749430523917995 0.01953125 0.030751708428246014
0 0.4359375 0.05808656036446469 0.01875 0.023917995444191344
0 0.6 0.01366742596810934 0.015625 0.023917995444191344
0 0.059375 0.22323462414578588 0.01484375 0.023917995444191344
0 0.0328125 0.4271070615034169 0.015625 0.02164009111617312
0 0.08359375 0.8280182232346242 0.015625 0.02164009111617312
0 0.1921875 0.8086560364464692 0.01640625 0.023917995444191344
0 0.17265625 0.6309794988610479 0.015625 0.02164009111617312
0 0.053125 0.6594533029612756 0.01796875 0.025056947608200455
0 0.12109375 0.36332574031890663 0.01796875 0.030751708428246014
0 0.2484375 0.0979498861047836 0.01796875 0.02164009111617312
0 0.06328125 0.07517084282460136 0.01328125 0.022779043280182234