0 0.2234375 0.5387243735763098 0.015625 0.02164009111617312
0 0.296875 0.5763097949886105 0.015625 0.02847380410022779
0 0.48984375 0.7915717539863326 0.0125 0.02050113895216401
0 0.49453125 0.8815489749430524 0.01328125 0.02050113895216401
0 0.24375 0.9031890660592256 0.02890625 0.04214123006833713
0 0.14296875 0.8246013667425968 0.02421875 0.03189066059225513
0 0.26171875 0.6799544419134397 0.01328125 0.0193621867881549
0 0.25390625 0.3211845102505695 0.01484375 0.0193621867881549
0 0.20546875 0.15034168564920272 0.01484375 0.017084282460136675
0 0.290625 0.09681093394077449 0.01484375 0.02164009111617312
0 0.34609375 0.22209567198177677 0.0171875 0.025056947608200455
0 0.41796875 0.10364464692482915 0.0140625 0.02050113895216401
0 0.36015625 0.37813211845102507 0.01796875 0.02619589977220957
0 0.44296875 0.5854214123006833 0.0125 0.02050113895216401
0 0.36015625 0.8097949886104784 0.01484375 0.022779043280182234
0 0.3484375 0.9441913439635535 0.01640625 0.02050113895216401
0 0.5671875 0.5728929384965832 0.02421875 0.03530751708428246
0 0.48671875 0.3838268792710706 0.015625 0.025056947608200455
0 0.41796875 0.35876993166287013 0.01171875 0.02050113895216401
0 0.86875 0.16856492027334852 0.01328125 0.0193621867881549
0 0.8828125 0.42255125284738043 0.015625 0.022779043280182234
0 0.9515625 0.5159453302961275 0.0171875 0.02619589977220957
0 0.96796875 0.7460136674259681 0.021875 0.03530751708428246
0 0.759375 0.8553530751708428 0.01875 0.02619589977220957
0 0.6484375 0.9145785876993167 0.01796875 0.02733485193621868
0 0.74296875 0.6378132118451025 0.01640625 0.025056947608200455
0 0.75234375 0.23690205011389523 0.0140625 0.022779043280182234
0 0.7859375 0.14123006833712984 0.0171875 0.02619589977220957
0 0.8921875 0.05353075170842825 0.015625 0.02050113895216401
0 0.97265625 0.13553530751708429 0.0140625 0.0193621867881549