0 0.5203125 0.49430523917995445 0.01796875 0.025056947608200455
0 0.5109375 0.3940774487471526 0.01640625 0.022779043280182234
0 0.503125 0.2608200455580866 0.0125 0.0193621867881549
0 0.52109375 0.1548974943052392 0.0125 0.018223234624145785
0 0.49921875 0.05125284738041002 0.01484375 0.02164009111617312
0 0.43125 0.5478359908883826 0.01328125 0.022779043280182234
0 0.47421875 0.6856492027334852 0.015625 0.02164009111617312
0 0.51328125 0.7881548974943052 0.01796875 0.023917995444191344
0 0.5078125 0.929384965831435 0.01328125 0.022779043280182234
0 0.42421875 0.9031890660592256 0.01953125 0.02619589977220957
0 0.44140625 0.7687927107061503 0.0171875 0.025056947608200455
0 0.38125 0.7004555808656037 0.02109375 0.029612756264236904
0 0.390625 0.4715261958997722 0.01484375 0.022779043280182234
0 0.4203125 0.34851936218678814 0.01484375 0.02733485193621868
0 0.42109375 0.18223234624145787 0.01640625 0.02050113895216401
0 0.40390625 0.07972665148063782 0.01953125 0.029612756264236904
0 0.6046875 0.00683371298405467 0.01484375 0.01366742596810934
0 0.8328125 0.11389521640091116 0.01640625 0.022779043280182234
0 0.88671875 0.0785876993166287 0.0140625 0.0193621867881549
0 0.95625 0.04328018223234624 0.01484375 0.02164009111617312
0 0.89609375 0.015945330296127564 0.01171875 0.018223234624145785
0 0.91875 0.3325740318906606 0.01484375 0.02164009111617312
0 0.853125 0.3439635535307517 0.0140625 0.02050113895216401
0 0.89765625 0.4772209567198178 0.0140625 0.018223234624145785
0 0.9125 0.6138952164009112 0.0125 0.018223234624145785
0 0.91171875 0.7619589977220956 0.0140625 0.02050113895216401
0 0.91484375 0.8849658314350797 0.0171875 0.022779043280182234
0 0.82421875 0.89749430523918 0.01484375 0.02050113895216401
0 0.81875 0.7710706150341685 0.015625 0.023917995444191344
0 0.84921875 0.6822323462414579 0.01484375 0.02164009111617312
0 0.8296875 0.5683371298405467 0.01796875 0.023917995444191344
0 0.79765625 0.46810933940774485 0.01328125 0.018223234624145785