0 0.9921875 0.030751708428246014 0.015625 0.0387243735763098
0 0.99609375 0.10250569476082004 0.00703125 0.030751708428246014
0 0.99453125 0.4988610478359909 0.0109375 0.023917995444191344
0 0.99609375 0.570615034168565 0.0078125 0.022779043280182234
0 0.99765625 0.8895216400911162 0.0046875 0.029612756264236904
0 0.99375 0.9977220956719818 0.0125 0.004555808656036446
0 0.78515625 0.9943052391799544 0.0203125 0.010250569476082005
0 0.64375 0.9977220956719818 0.0171875 0.003416856492027335
0 0.2546875 0.9920273348519362 0.01796875 0.015945330296127564
0 0.11484375 0.9977220956719818 0.01640625 0.004555808656036446
0 0.06953125 0.8177676537585421 0.0234375 0.03189066059225513
0 0.03515625 0.7323462414578588 0.0203125 0.02619589977220957
0 0.07890625 0.5694760820045558 0.02578125 0.03530751708428246
0 0.01015625 0.4772209567198178 0.01484375 0.02050113895216401
0 0.0078125 0.08314350797266515 0.01484375 0.02164009111617312
0 0.01015625 0.015945330296127564 0.01953125 0.03189066059225513
0 0.090625 0.12414578587699317 0.015625 0.02164009111617312
0 0.1 0.14009111617312073 0.01328125 0.02050113895216401
0 0.10625 0.12072892938496584 0.01953125 0.02164009111617312
0 0.0796875 0.1070615034168565 0.01484375 0.02164009111617312
0 0.084375 0.14578587699316628 0.01328125 0.0193621867881549