0 0.45625 0.5296127562642369 0.025 0.03302961275626424
0 0.41640625 0.35079726651480636 0.02578125 0.03530751708428246
0 0.503125 0.2255125284738041 0.01875 0.023917995444191344
0 0.4734375 0.12300683371298406 0.02109375 0.029612756264236904
0 0.48125 0.02164009111617312 0.01953125 0.02619589977220957
0 0.5640625 0.08086560364464693 0.0203125 0.030751708428246014
0 0.525 0.5159453302961275 0.01796875 0.025056947608200455
0 0.48359375 0.9760820045558086 0.01875 0.025056947608200455
0 0.41484375 0.9669703872437357 0.02109375 0.02847380410022779
0 0.0640625 0.9396355353075171 0.01953125 0.02619589977220957
0 0.06640625 0.7915717539863326 0.01875 0.02847380410022779
0 0.08125 0.6651480637813212 0.01640625 0.022779043280182234
0 0.053125 0.5785876993166287 0.01796875 0.029612756264236904
0 0.06796875 0.46583143507972663 0.0171875 0.025056947608200455
0 0.08203125 0.2528473804100228 0.02109375 0.03530751708428246
0 0.07265625 0.06264236902050115 0.01875 0.029612756264236904
0 0.16953125 0.029612756264236904 0.01953125 0.02733485193621868
0 0.89296875 0.017084282460136675 0.0296875 0.03416856492027335
0 0.93125 0.22779043280182232 0.02421875 0.03758542141230068
0 0.8671875 0.3451025056947608 0.021875 0.03530751708428246
0 0.87421875 0.5785876993166287 0.02578125 0.03758542141230068
0 0.87890625 0.7938496583143508 0.02109375 0.029612756264236904
0 0.94296875 0.9157175398633257 0.021875 0.02847380410022779
0 0.93125 0.4157175398633257 0.01875 0.025056947608200455
0 0.76171875 0.09111617312072894 0.0171875 0.02847380410022779
0 0.8515625 0.011389521640091117 0.021875 0.022779043280182234