0 0.48203125 0.49544419134396356 0.0171875 0.025056947608200455
0 0.48359375 0.39863325740318906 0.01328125 0.018223234624145785
0 0.478125 0.2744874715261959 0.01328125 0.0193621867881549
0 0.534375 0.33712984054669703 0.015625 0.025056947608200455
0 0.5453125 0.42482915717539865 0.015625 0.023917995444191344
0 0.553125 0.5170842824601367 0.01484375 0.023917995444191344
0 0.52421875 0.6548974943052391 0.015625 0.02164009111617312
0 0.49609375 0.7801822323462415 0.01171875 0.018223234624145785
0 0.50078125 0.8804100227790432 0.0140625 0.02164009111617312
0 0.50078125 0.958997722095672 0.01328125 0.02050113895216401
0 0.74921875 0.928246013667426 0.0125 0.0193621867881549
0 0.75 0.8075170842824602 0.01328125 0.02050113895216401
0 0.74453125 0.7027334851936219 0.0171875 0.025056947608200455
0 0.7515625 0.623006833712984 0.01484375 0.023917995444191344
0 0.7234375 0.5671981776765376 0.01640625 0.02619589977220957
0 0.72890625 0.4544419134396355 0.01875 0.029612756264236904
0 0.72890625 0.3462414578587699 0.01796875 0.025056947608200455
0 0.703125 0.2505694760820046 0.0171875 0.022779043280182234
0 0.721875 0.1378132118451025 0.015625 0.02619589977220957
0 0.66484375 0.0774487471526196 0.015625 0.02164009111617312
0 0.925 0.08542141230068337 0.015625 0.02164009111617312
0 0.93046875 0.14578587699316628 0.015625 0.02619589977220957
0 0.87734375 0.2266514806378132 0.0171875 0.025056947608200455
0 0.890625 0.26993166287015946 0.01875 0.02733485193621868
0 0.85859375 0.4020501138952164 0.02265625 0.03302961275626424
0 0.903125 0.5091116173120729 0.015625 0.025056947608200455
0 0.91328125 0.5899772209567198 0.01640625 0.025056947608200455
0 0.90625 0.6503416856492027 0.01796875 0.02847380410022779
0 0.909375 0.7494305239179955 0.02421875 0.03530751708428246
0 0.9140625 0.8542141230068337 0.01484375 0.0193621867881549