0 0.5609375 0.5546697038724373 0.0203125 0.030751708428246014
0 0.59609375 0.3690205011389522 0.0234375 0.03758542141230068
0 0.5703125 0.2460136674259681 0.0203125 0.03189066059225513
0 0.56953125 0.15261958997722094 0.0140625 0.02164009111617312
0 0.5109375 0.1480637813211845 0.01328125 0.02050113895216401
0 0.5046875 0.3348519362186788 0.015625 0.023917995444191344
0 0.51484375 0.46697038724373574 0.01484375 0.02164009111617312
0 0.5546875 0.826879271070615 0.01640625 0.022779043280182234
0 0.565625 0.979498861047836 0.01640625 0.022779043280182234
0 0.67109375 0.9738041002277904 0.015625 0.02619589977220957
0 0.6390625 0.7266514806378133 0.01484375 0.02164009111617312
0 0.6453125 0.5182232346241458 0.015625 0.022779043280182234
0 0.66171875 0.2357630979498861 0.015625 0.02164009111617312
0 0.6515625 0.1082004555808656 0.015625 0.02164009111617312
0 0.55703125 0.06378132118451026 0.0125 0.0193621867881549
0 0.471875 0.03986332574031891 0.01953125 0.02847380410022779
0 0.45234375 0.2835990888382688 0.0140625 0.022779043280182234
0 0.4625 0.5250569476082004 0.0171875 0.02733485193621868
0 0.46953125 0.6765375854214123 0.01640625 0.02619589977220957
0 0.5203125 0.6822323462414579 0.01484375 0.02050113895216401
0 0.35625 0.6617312072892938 0.015625 0.02164009111617312
0 0.23046875 0.7186788154897494 0.0140625 0.02164009111617312
0 0.19921875 0.6446469248291572 0.0171875 0.02619589977220957
0 0.21875 0.5592255125284739 0.01796875 0.02164009111617312
0 0.1796875 0.4407744874715262 0.01640625 0.02733485193621868
0 0.1453125 0.3530751708428246 0.01953125 0.029612756264236904
0 0.2125 0.29271070615034167 0.01875 0.02619589977220957
0 0.2046875 0.06036446469248292 0.01640625 0.02619589977220957
0 0.125 0.08542141230068337 0.01875 0.02733485193621868
0 0.11015625 0.030751708428246014 0.025 0.03758542141230068