0 0.51015625 0.49430523917995445 0.01484375 0.022779043280182234
0 0.515625 0.5774487471526196 0.01953125 0.02619589977220957
0 0.5125 0.6697038724373576 0.015625 0.018223234624145785
0 0.49765625 0.775626423690205 0.01328125 0.018223234624145785
0 0.51015625 0.8701594533029613 0.01328125 0.0193621867881549
0 0.51015625 0.958997722095672 0.0171875 0.022779043280182234
0 0.44921875 0.979498861047836 0.01484375 0.018223234624145785
0 0.371875 0.765375854214123 0.01328125 0.018223234624145785
0 0.37890625 0.6252847380410023 0.0140625 0.02050113895216401
0 0.38125 0.5227790432801822 0.01640625 0.02164009111617312
0 0.38515625 0.4430523917995444 0.01484375 0.02164009111617312
0 0.3875 0.3234624145785877 0.015625 0.022779043280182234
0 0.38203125 0.22779043280182232 0.01875 0.025056947608200455
0 0.4046875 0.04214123006833713 0.01875 0.029612756264236904
0 0.63046875 0.05580865603644647 0.01484375 0.022779043280182234
0 0.65625 0.19020501138952164 0.0171875 0.02619589977220957
0 0.7234375 0.22095671981776766 0.01796875 0.022779043280182234
0 0.69140625 0.30751708428246016 0.01875 0.029612756264236904
0 0.690625 0.38724373576309795 0.01875 0.02619589977220957
0 0.66171875 0.4760820045558087 0.01484375 0.022779043280182234
0 0.7015625 0.5466970387243736 0.0171875 0.025056947608200455
0 0.70703125 0.6514806378132119 0.01484375 0.02164009111617312
0 0.78203125 0.6879271070615034 0.0140625 0.02164009111617312
0 0.7046875 0.7471526195899773 0.01328125 0.0193621867881549
0 0.70546875 0.837129840546697 0.01875 0.02733485193621868
0 0.69296875 0.9259681093394078 0.01640625 0.022779043280182234
0 0.609375 0.9248291571753986 0.0171875 0.023917995444191344
0 0.61015625 0.7927107061503417 0.01328125 0.02050113895216401
0 0.6140625 0.6651480637813212 0.01484375 0.02164009111617312
0 0.6328125 0.40660592255125283 0.01640625 0.023917995444191344