0 0.83671875 0.04783599088838269 0.01875 0.029612756264236904
0 0.8203125 0.12870159453302962 0.015625 0.023917995444191344
0 0.81953125 0.28815489749430523 0.0171875 0.023917995444191344
0 0.8125 0.4134396355353075 0.0171875 0.023917995444191344
0 0.82109375 0.6013667425968109 0.0203125 0.029612756264236904
0 0.82734375 0.7596810933940774 0.01171875 0.0193621867881549
0 0.8453125 0.8952164009111617 0.01484375 0.02050113895216401
0 0.71171875 0.8462414578587699 0.02109375 0.02847380410022779
0 0.7046875 0.6309794988610479 0.01875 0.02619589977220957
0 0.6859375 0.40888382687927105 0.0140625 0.02164009111617312
0 0.69921875 0.23234624145785876 0.01328125 0.0193621867881549
0 0.69140625 0.07175398633257403 0.01875 0.02619589977220957
0 0.50625 0.08428246013667426 0.015625 0.025056947608200455
0 0.50390625 0.16514806378132119 0.0140625 0.02050113895216401
0 0.50859375 0.2619589977220957 0.01484375 0.02164009111617312
0 0.4890625 0.3815489749430524 0.015625 0.02164009111617312
0 0.51015625 0.5148063781321185 0.01640625 0.022779043280182234
0 0.4546875 0.6047835990888383 0.01640625 0.022779043280182234
0 0.43359375 0.7471526195899773 0.0203125 0.030751708428246014
0 0.52421875 0.7938496583143508 0.015625 0.022779043280182234
0 0.4875 0.9043280182232346 0.01640625 0.02733485193621868
0 0.371875 0.8804100227790432 0.0171875 0.025056947608200455
0 0.32109375 0.6082004555808656 0.02265625 0.03416856492027335
0 0.38359375 0.4419134396355353 0.01484375 0.022779043280182234
0 0.3828125 0.27107061503416857 0.01640625 0.023917995444191344
0 0.571875 0.3211845102505695 0.01484375 0.023917995444191344
0 0.57578125 0.1469248291571754 0.01796875 0.023917995444191344
0 0.60390625 0.26765375854214124 0.01640625 0.023917995444191344
0 0.60546875 0.39635535307517084 0.015625 0.02164009111617312
0 0.5796875 0.5011389521640092 0.01640625 0.02164009111617312