0 0.86953125 0.017084282460136675 0.01953125 0.030751708428246014
0 0.85234375 0.10136674259681093 0.01640625 0.025056947608200455
0 0.8515625 0.26765375854214124 0.01796875 0.025056947608200455
0 0.84375 0.39977220956719817 0.01796875 0.025056947608200455
0 0.853125 0.5945330296127562 0.02109375 0.03189066059225513
0 0.859375 0.7596810933940774 0.01171875 0.0193621867881549
0 0.878125 0.9009111617312073 0.015625 0.02164009111617312
0 0.7390625 0.8507972665148064 0.021875 0.029612756264236904
0 0.73125 0.6252847380410023 0.01953125 0.02733485193621868
0 0.7125 0.3940774487471526 0.0140625 0.022779043280182234
0 0.7265625 0.20956719817767655 0.0140625 0.02050113895216401
0 0.71796875 0.04214123006833713 0.01953125 0.02733485193621868
0 0.525 0.05580865603644647 0.01640625 0.02619589977220957
0 0.521875 0.14009111617312073 0.0140625 0.02164009111617312
0 0.52734375 0.24031890660592256 0.015625 0.022779043280182234
0 0.50625 0.36446469248291574 0.01640625 0.022779043280182234
0 0.52890625 0.5045558086560364 0.0171875 0.023917995444191344
0 0.4703125 0.5979498861047836 0.0171875 0.023917995444191344
0 0.44921875 0.7471526195899773 0.02109375 0.03189066059225513
0 0.54375 0.7961275626423691 0.01640625 0.023917995444191344
0 0.50546875 0.9111617312072893 0.0171875 0.02847380410022779
0 0.384375 0.8861047835990888 0.01796875 0.02619589977220957
0 0.33125 0.6013667425968109 0.02421875 0.03530751708428246
0 0.396875 0.4293849658314351 0.015625 0.023917995444191344
0 0.3953125 0.2505694760820046 0.0171875 0.025056947608200455
0 0.59375 0.30296127562642367 0.015625 0.025056947608200455
0 0.596875 0.12072892938496584 0.01875 0.025056947608200455
0 0.6265625 0.24715261958997722 0.0171875 0.023917995444191344
0 0.628125 0.3815489749430524 0.01640625 0.022779043280182234
0 0.60078125 0.489749430523918 0.0171875 0.022779043280182234