0 0.47734375 0.6002277904328018 0.01796875 0.02619589977220957
0 0.4703125 0.18792710706150342 0.0171875 0.022779043280182234
0 0.61171875 0.34851936218678814 0.01953125 0.023917995444191344
0 0.62421875 0.541002277904328 0.01484375 0.02050113895216401
0 0.62109375 0.7129840546697038 0.01328125 0.018223234624145785
0 0.5703125 0.8519362186788155 0.0125 0.0193621867881549
0 0.384375 0.8826879271070615 0.01875 0.025056947608200455
0 0.32421875 0.6150341685649203 0.01328125 0.02164009111617312
0 0.33203125 0.31548974943052394 0.0140625 0.0193621867881549
0 0.32890625 0.08200455580865604 0.015625 0.022779043280182234
0 0.86484375 0.2437357630979499 0.01875 0.022779043280182234
0 0.8765625 0.4043280182232346 0.01328125 0.02050113895216401
0 0.89453125 0.570615034168565 0.01640625 0.022779043280182234
0 0.896875 0.7813211845102506 0.01796875 0.02619589977220957
0 0.84453125 0.9145785876993167 0.01328125 0.02050113895216401
0 0.928125 0.9476082004555809 0.02109375 0.030751708428246014
0 0.7296875 0.417995444191344 0.0140625 0.02050113895216401
0 0.72734375 0.2460136674259681 0.0140625 0.022779043280182234
0 0.73359375 0.0774487471526196 0.0140625 0.02050113895216401
0 0.4453125 0.3712984054669704 0.01640625 0.023917995444191344
0 0.44453125 0.5022779043280182 0.01328125 0.02164009111617312
0 0.3703125 0.4601366742596811 0.0140625 0.02164009111617312
0 0.40546875 0.7038724373576309 0.015625 0.02164009111617312
0 0.45390625 0.9202733485193622 0.01328125 0.0193621867881549
0 0.5390625 0.9533029612756264 0.0125 0.02050113895216401
0 0.11015625 0.1264236902050114 0.0140625 0.022779043280182234
0 0.1171875 0.4191343963553531 0.01328125 0.02050113895216401
0 0.1421875 0.7015945330296127 0.01640625 0.022779043280182234
0 0.1515625 0.8599088838268792 0.0140625 0.02050113895216401
0 0.20546875 0.9214123006833713 0.015625 0.02164009111617312