0 0.4734375 0.4715261958997722 0.0203125 0.02733485193621868
0 0.51328125 0.4783599088838269 0.01328125 0.02050113895216401
0 0.53046875 0.48405466970387245 0.01171875 0.018223234624145785
0 0.49375 0.5125284738041003 0.015625 0.022779043280182234
0 0.4328125 0.5637813211845103 0.01875 0.02619589977220957
0 0.43828125 0.4157175398633257 0.0203125 0.03302961275626424
0 0.42890625 0.36104783599088835 0.02265625 0.03189066059225513
0 0.39375 0.44533029612756264 0.01328125 0.018223234624145785
0 0.53125 0.417995444191344 0.01640625 0.02164009111617312
0 0.559375 0.4806378132118451 0.01328125 0.02164009111617312
0 0.48515625 0.4202733485193622 0.01875 0.023917995444191344
0 0.4296875 0.4806378132118451 0.01171875 0.0193621867881549
0 0.48046875 0.6298405466970387 0.0140625 0.02164009111617312
0 0.5078125 0.6093394077448747 0.0140625 0.02050113895216401
0 0.5375 0.6332574031890661 0.01484375 0.02164009111617312
0 0.49609375 0.6924829157175398 0.01640625 0.025056947608200455
0 0.46328125 0.7619589977220956 0.01640625 0.02164009111617312
0 0.44296875 0.7927107061503417 0.015625 0.02164009111617312
0 0.49921875 0.7881548974943052 0.0203125 0.02619589977220957
0 0.56640625 0.7289293849658315 0.01875 0.02619589977220957
0 0.55625 0.856492027334852 0.01484375 0.0193621867881549
0 0.50390625 0.837129840546697 0.0140625 0.017084282460136675
0 0.52890625 0.8132118451025057 0.01328125 0.018223234624145785
0 0.5578125 0.8154897494305239 0.01640625 0.02164009111617312
0 0.61796875 0.8325740318906606 0.01640625 0.022779043280182234
0 0.56875 0.9259681093394078 0.01875 0.025056947608200455
0 0.40078125 0.8838268792710706 0.0125 0.018223234624145785
0 0.4265625 0.8314350797266514 0.01875 0.02847380410022779
0 0.45625 0.8963553530751709 0.0125 0.017084282460136675
0 0.3953125 0.1378132118451025 0.0125 0.0193621867881549
0 0.44296875 0.23690205011389523 0.02109375 0.03302961275626424
0 0.45 0.27904328018223234 0.01484375 0.02050113895216401
0 0.43828125 0.265375854214123 0.01484375 0.02164009111617312
0 0.39609375 0.19931662870159453 0.01484375 0.02050113895216401
0 0.4078125 0.19020501138952164 0.0140625 0.02050113895216401
0 0.38203125 0.2357630979498861 0.01640625 0.022779043280182234
0 0.38828125 0.28018223234624146 0.0125 0.0193621867881549
0 0.33984375 0.44646924829157175 0.0171875 0.02619589977220957
0 0.3796875 0.4806378132118451 0.01484375 0.02164009111617312
0 0.32578125 0.4908883826879271 0.01328125 0.02164009111617312
0 0.359375 0.6013667425968109 0.0125 0.018223234624145785
0 0.3484375 0.6537585421412301 0.0140625 0.0193621867881549
0 0.390625 0.6753986332574032 0.01640625 0.02050113895216401
0 0.41796875 0.6378132118451025 0.0125 0.018223234624145785
0 0.38046875 0.8097949886104784 0.0171875 0.025056947608200455
0 0.3484375 0.8177676537585421 0.01953125 0.02847380410022779
0 0.38359375 0.8553530751708428 0.01640625 0.02050113895216401
0 0.43828125 0.7722095671981777 0.0125 0.0193621867881549
0 0.46640625 0.683371298405467 0.01328125 0.02619589977220957
0 0.62890625 0.7129840546697038 0.0140625 0.02050113895216401