0 0.525 0.7232346241457859 0.0140625 0.0193621867881549
0 0.5203125 0.5284738041002278 0.01328125 0.0193621867881549
0 0.51015625 0.36104783599088835 0.01640625 0.022779043280182234
0 0.5203125 0.15375854214123008 0.0140625 0.02050113895216401
0 0.4296875 0.1070615034168565 0.0140625 0.022779043280182234
0 0.43359375 0.21070615034168566 0.01484375 0.022779043280182234
0 0.4234375 0.3223234624145786 0.01484375 0.02164009111617312
0 0.4234375 0.43621867881548976 0.01171875 0.0193621867881549
0 0.42734375 0.5455580865603644 0.01171875 0.018223234624145785
0 0.4265625 0.6252847380410023 0.0140625 0.02050113895216401
0 0.4046875 0.7312072892938497 0.0140625 0.02050113895216401
0 0.43828125 0.8097949886104784 0.0125 0.02164009111617312
0 0.54765625 0.9179954441913439 0.01171875 0.018223234624145785
0 0.4328125 0.9123006833712984 0.0125 0.017084282460136675
0 0.37109375 0.9396355353075171 0.015625 0.02164009111617312
0 0.74296875 0.0387243735763098 0.01875 0.02733485193621868
0 0.74375 0.13439635535307518 0.01640625 0.023917995444191344
0 0.734375 0.2460136674259681 0.015625 0.022779043280182234
0 0.71875 0.3451025056947608 0.01328125 0.018223234624145785
0 0.74609375 0.4624145785876993 0.01484375 0.022779043280182234
0 0.72265625 0.5728929384965832 0.0140625 0.02050113895216401
0 0.7109375 0.7129840546697038 0.0140625 0.0193621867881549
0 0.721875 0.8177676537585421 0.0140625 0.02050113895216401
0 0.7375 0.9612756264236902 0.0125 0.02050113895216401
0 0.79921875 0.908883826879271 0.0140625 0.02050113895216401
0 0.9265625 0.8621867881548975 0.015625 0.02050113895216401
0 0.92734375 0.6548974943052391 0.01328125 0.0193621867881549
0 0.92265625 0.489749430523918 0.0140625 0.023917995444191344
0 0.91953125 0.3804100227790433 0.0140625 0.02050113895216401
0 0.93984375 0.27790432801822323 0.0140625 0.0193621867881549