0 0.08359375 0.10022779043280182 0.0140625 0.02164009111617312
0 0.08359375 0.2357630979498861 0.015625 0.022779043280182234
0 0.08828125 0.33029612756264237 0.01484375 0.022779043280182234
0 0.1015625 0.47038724373576307 0.0125 0.02164009111617312
0 0.1125 0.5899772209567198 0.0125 0.018223234624145785
0 0.1046875 0.6708428246013668 0.0109375 0.018223234624145785
0 0.10625 0.8394077448747153 0.0125 0.0193621867881549
0 0.1140625 0.8929384965831435 0.0125 0.0193621867881549
0 0.21484375 0.9179954441913439 0.0125 0.018223234624145785
0 0.1984375 0.7539863325740319 0.0125 0.015945330296127564
0 0.19609375 0.6287015945330297 0.01484375 0.02050113895216401
0 0.1921875 0.4316628701594533 0.01171875 0.02164009111617312
0 0.19609375 0.3314350797266515 0.0125 0.02050113895216401
0 0.284375 0.3109339407744875 0.01484375 0.023917995444191344
0 0.2796875 0.4271070615034169 0.01484375 0.023917995444191344
0 0.27109375 0.5831435079726651 0.01328125 0.018223234624145785
0 0.275 0.6810933940774487 0.0125 0.0193621867881549
0 0.2734375 0.8177676537585421 0.0125 0.0193621867881549
0 0.34609375 0.8348519362186788 0.01328125 0.02050113895216401
0 0.36171875 0.6993166287015945 0.01875 0.02847380410022779
0 0.359375 0.5546697038724373 0.01328125 0.022779043280182234
0 0.35546875 0.42482915717539865 0.0140625 0.02050113895216401
0 0.3578125 0.2744874715261959 0.01171875 0.018223234624145785
0 0.35078125 0.13097949886104784 0.01171875 0.017084282460136675
0 0.53984375 0.21753986332574032 0.01796875 0.02619589977220957
0 0.55234375 0.4043280182232346 0.01171875 0.017084282460136675
0 0.53671875 0.48405466970387245 0.0140625 0.022779043280182234
0 0.55703125 0.5671981776765376 0.01328125 0.018223234624145785
0 0.54296875 0.6548974943052391 0.01171875 0.018223234624145785
0 0.56328125 0.7471526195899773 0.015625 0.025056947608200455
0 0.56015625 0.8906605922551253 0.0140625 0.0193621867881549