0 0.47890625 0.5193621867881549 0.021875 0.030751708428246014
0 0.53828125 0.5569476082004556 0.0140625 0.02164009111617312
0 0.4359375 0.5842824601366743 0.0203125 0.02733485193621868
0 0.37578125 0.530751708428246 0.015625 0.022779043280182234
0 0.3265625 0.5580865603644647 0.015625 0.022779043280182234
0 0.38046875 0.45671981776765375 0.01328125 0.02050113895216401
0 0.43828125 0.42255125284738043 0.01796875 0.02847380410022779
0 0.54453125 0.4328018223234624 0.015625 0.023917995444191344
0 0.50859375 0.4009111617312073 0.01328125 0.0193621867881549
0 0.44609375 0.3804100227790433 0.01328125 0.0193621867881549
0 0.40078125 0.2733485193621868 0.01328125 0.0193621867881549
0 0.42734375 0.26651480637813213 0.01484375 0.022779043280182234
0 0.47421875 0.2733485193621868 0.01640625 0.022779043280182234
0 0.50703125 0.265375854214123 0.015625 0.02164009111617312
0 0.5703125 0.224373576309795 0.01640625 0.022779043280182234
0 0.5390625 0.3439635535307517 0.01640625 0.02733485193621868
0 0.6078125 0.27790432801822323 0.01640625 0.02847380410022779
0 0.609375 0.715261958997722 0.0140625 0.02164009111617312
0 0.5234375 0.7050113895216401 0.01875 0.02164009111617312
0 0.43671875 0.7801822323462415 0.01875 0.029612756264236904
0 0.38125 0.8257403189066059 0.015625 0.02050113895216401
0 0.38984375 0.7642369020501139 0.015625 0.02050113895216401
0 0.359375 0.6947608200455581 0.01796875 0.023917995444191344
0 0.34296875 0.7471526195899773 0.0140625 0.018223234624145785
0 0.475 0.9248291571753986 0.01484375 0.023917995444191344
0 0.44296875 0.9965831435079726 0.01171875 0.0056947608200455585
0 0.359375 0.9954441913439636 0.009375 0.009111617312072893
0 0.0953125 0.9851936218678815 0.015625 0.02050113895216401
0 0.146875 0.9886104783599089 0.01640625 0.02164009111617312
0 0.2140625 0.7084282460136674 0.01953125 0.022779043280182234
0 0.1828125 0.8314350797266514 0.01484375 0.022779043280182234
0 0.22578125 0.9430523917995444 0.01640625 0.025056947608200455
0 0.12109375 0.8348519362186788 0.01640625 0.02164009111617312
0 0.11796875 0.7084282460136674 0.015625 0.022779043280182234
0 0.13125 0.6400911161731208 0.0171875 0.02619589977220957
0 0.140625 0.5182232346241458 0.01640625 0.02164009111617312
0 0.12265625 0.4419134396355353 0.01796875 0.023917995444191344
0 0.0890625 0.19362186788154898 0.01953125 0.02619589977220957
0 0.12265625 0.20501138952164008 0.0203125 0.025056947608200455
0 0.209375 0.24829157175398633 0.01640625 0.029612756264236904
0 0.290625 0.2528473804100228 0.0234375 0.02733485193621868
0 0.246875 0.4145785876993166 0.02265625 0.02847380410022779
0 0.16953125 0.3428246013667426 0.0125 0.017084282460136675
0 0.08359375 0.33940774487471526 0.02734375 0.03758542141230068
0 0.7921875 0.44760820045558086 0.0140625 0.02733485193621868
0 0.925 0.4202733485193622 0.01484375 0.022779043280182234
0 0.9421875 0.3052391799544419 0.0140625 0.017084282460136675
0 0.8703125 0.6822323462414579 0.02421875 0.03302961275626424
0 0.9046875 0.8906605922551253 0.015625 0.0193621867881549
0 0.88515625 0.94874715261959 0.021875 0.02733485193621868