0 0.515625 0.45558086560364464 0.021875 0.029612756264236904
0 0.5390625 0.48519362186788156 0.01484375 0.018223234624145785
0 0.4953125 0.46810933940774485 0.01875 0.02733485193621868
0 0.47109375 0.4419134396355353 0.0140625 0.02050113895216401
0 0.4765625 0.46583143507972663 0.015625 0.022779043280182234
0 0.4578125 0.46924829157175396 0.0140625 0.0193621867881549
0 0.453125 0.49316628701594534 0.0171875 0.022779043280182234
0 0.4671875 0.4863325740318907 0.01328125 0.018223234624145785
0 0.45703125 0.4498861047835991 0.0140625 0.0193621867881549
0 0.48515625 0.44760820045558086 0.0140625 0.0193621867881549
0 0.5 0.44419134396355353 0.0125 0.0193621867881549
0 0.49765625 0.4977220956719818 0.01875 0.025056947608200455
0 0.50859375 0.48177676537585423 0.0140625 0.018223234624145785
0 0.47421875 0.570615034168565 0.015625 0.0193621867881549
0 0.4875 0.5774487471526196 0.0140625 0.018223234624145785
0 0.5015625 0.5888382687927107 0.01484375 0.02050113895216401
0 0.51875 0.5933940774487472 0.015625 0.023917995444191344
0 0.509375 0.5728929384965832 0.0140625 0.02164009111617312
0 0.5390625 0.55125284738041 0.0203125 0.02619589977220957
0 0.55859375 0.5523917995444191 0.01953125 0.02619589977220957
0 0.5421875 0.6161731207289294 0.015625 0.022779043280182234
0 0.5484375 0.5728929384965832 0.015625 0.023917995444191344
0 0.53125 0.5763097949886105 0.0171875 0.02050113895216401
0 0.53515625 0.5979498861047836 0.0140625 0.017084282460136675
0 0.49296875 0.6104783599088838 0.01328125 0.017084282460136675
0 0.51015625 0.6127562642369021 0.01640625 0.02164009111617312
0 0.5265625 0.6116173120728929 0.0171875 0.02164009111617312
0 0.55078125 0.5968109339407744 0.0171875 0.022779043280182234
0 0.48125 0.5979498861047836 0.01875 0.022779043280182234
0 0.48046875 0.6207289293849658 0.01484375 0.0193621867881549
0 0.4921875 0.6332574031890661 0.01640625 0.0193621867881549
0 0.5015625 0.6480637813211845 0.0125 0.017084282460136675
0 0.51640625 0.6366742596810934 0.01484375 0.017084282460136675
0 0.53203125 0.6332574031890661 0.0140625 0.018223234624145785
0 0.5140625 0.6594533029612756 0.015625 0.0193621867881549
0 0.5296875 0.6537585421412301 0.01328125 0.0193621867881549
0 0.52421875 0.6765375854214123 0.0140625 0.02164009111617312
0 0.4921875 0.6890660592255126 0.015625 0.02164009111617312
0 0.51015625 0.6924829157175398 0.015625 0.02050113895216401
0 0.503125 0.6708428246013668 0.01484375 0.022779043280182234
0 0.48828125 0.6617312072892938 0.015625 0.022779043280182234
0 0.5 0.7095671981776766 0.0125 0.017084282460136675
0 0.5140625 0.7129840546697038 0.01328125 0.017084282460136675
0 0.4390625 0.7061503416856492 0.015625 0.02050113895216401
0 0.43984375 0.7312072892938497 0.0140625 0.0193621867881549
0 0.4328125 0.7471526195899773 0.01484375 0.02164009111617312
0 0.44921875 0.7505694760820045 0.01640625 0.02164009111617312
0 0.46328125 0.7369020501138952 0.01484375 0.02164009111617312
0 0.48125 0.7084282460136674 0.015625 0.018223234624145785
0 0.453125 0.7186788154897494 0.0140625 0.018223234624145785