0 0.0765625 0.0683371298405467 0.0296875 0.0489749430523918
0 0.50546875 0.38724373576309795 0.0203125 0.02619589977220957
0 0.6703125 0.32915717539863326 0.01796875 0.02050113895216401
0 0.659375 0.4020501138952164 0.0203125 0.02733485193621868
0 0.49296875 0.643507972665148 0.0234375 0.029612756264236904
0 0.32421875 0.7505694760820045 0.02421875 0.02847380410022779
0 0.77421875 0.25740318906605925 0.02109375 0.02733485193621868
0 0.8359375 0.45899772209567197 0.0203125 0.02733485193621868
0 0.7046875 0.5227790432801822 0.02890625 0.03530751708428246
0 0.2765625 0.5022779043280182 0.01796875 0.03189066059225513
0 0.25703125 0.28132118451025057 0.0203125 0.029612756264236904
0 0.13125 0.6104783599088838 0.0265625 0.029612756264236904
0 0.46484375 0.8439635535307517 0.01875 0.02733485193621868
0 0.6609375 0.8120728929384966 0.0140625 0.023917995444191344
0 0.53125 0.1275626423690205 0.01953125 0.02619589977220957
0 0.79140625 0.08769931662870159 0.01796875 0.02619589977220957
0 0.90625 0.15831435079726652 0.02265625 0.029612756264236904
0 0.88515625 0.2744874715261959 0.01796875 0.02733485193621868
0 0.74921875 0.3564920273348519 0.0171875 0.02733485193621868
0 0.2296875 0.40888382687927105 0.025 0.029612756264236904
0 0.10078125 0.30296127562642367 0.01953125 0.029612756264236904
0 0.1765625 0.8678815489749431 0.021875 0.03189066059225513
0 0.034375 0.775626423690205 0.01875 0.02619589977220957
0 0.36796875 0.94874715261959 0.0171875 0.02164009111617312
0 0.8296875 0.7460136674259681 0.01640625 0.02164009111617312
0 0.93125 0.7437357630979499 0.01796875 0.023917995444191344
0 0.9734375 0.9430523917995444 0.0171875 0.022779043280182234
0 0.6015625 0.958997722095672 0.0125 0.022779043280182234
0 0.3890625 0.42255125284738043 0.01875 0.02050113895216401
0 0.3984375 0.19134396355353075 0.01875 0.023917995444191344