0 0.4703125 0.5091116173120729 0.01640625 0.022779043280182234
0 0.5640625 0.49544419134396356 0.01796875 0.025056947608200455
0 0.66484375 0.5 0.01640625 0.023917995444191344
0 0.6703125 0.5990888382687927 0.015625 0.02164009111617312
0 0.67421875 0.6981776765375854 0.01328125 0.018223234624145785
0 0.67421875 0.8041002277904328 0.01796875 0.025056947608200455
0 0.6765625 0.9168564920273349 0.015625 0.022779043280182234
0 0.671875 0.32801822323462415 0.01484375 0.0193621867881549
0 0.7203125 0.35193621867881547 0.01796875 0.022779043280182234
0 0.6171875 0.37699316628701596 0.01328125 0.0193621867881549
0 0.66015625 0.417995444191344 0.01484375 0.02050113895216401
0 0.7515625 0.4157175398633257 0.0140625 0.023917995444191344
0 0.71484375 0.5455580865603644 0.0171875 0.02619589977220957
0 0.74296875 0.6138952164009112 0.015625 0.023917995444191344
0 0.734375 0.6970387243735763 0.01796875 0.023917995444191344
0 0.74765625 0.89749430523918 0.0203125 0.02619589977220957
0 0.07890625 0.907744874715262 0.01875 0.02619589977220957
0 0.078125 0.7710706150341685 0.01328125 0.018223234624145785
0 0.0859375 0.6605922551252847 0.0140625 0.018223234624145785
0 0.07265625 0.5535307517084282 0.01640625 0.02164009111617312
0 0.07421875 0.43735763097949887 0.01328125 0.018223234624145785
0 0.0859375 0.35990888382687924 0.0171875 0.02733485193621868
0 0.0828125 0.2164009111617312 0.01875 0.02619589977220957
0 0.07265625 0.07061503416856492 0.01484375 0.023917995444191344
0 0.11484375 0.06605922551252848 0.0140625 0.0193621867881549
0 0.13671875 0.1548974943052392 0.01484375 0.023917995444191344
0 0.159375 0.2824601366742597 0.0140625 0.0193621867881549
0 0.1546875 0.42369020501138954 0.01328125 0.02050113895216401
0 0.14765625 0.5318906605922551 0.0140625 0.0193621867881549
0 0.15546875 0.5990888382687927 0.01796875 0.02619589977220957