0 0.575 0.5239179954441914 0.01484375 0.02050113895216401
0 0.58828125 0.5125284738041003 0.0125 0.02050113895216401
0 0.56171875 0.5136674259681093 0.01171875 0.018223234624145785
0 0.5875 0.4920273348519362 0.0125 0.018223234624145785
0 0.60078125 0.5 0.01484375 0.02164009111617312
0 0.60234375 0.5239179954441914 0.01328125 0.018223234624145785
0 0.61328125 0.5113895216400911 0.0125 0.0193621867881549
0 0.559375 0.49316628701594534 0.01171875 0.02050113895216401
0 0.57421875 0.5045558086560364 0.015625 0.02619589977220957
0 0.57109375 0.48291571753986334 0.01328125 0.02050113895216401
0 0.528125 0.49544419134396356 0.021875 0.03644646924829157
0 0.5390625 0.5444191343963554 0.01875 0.025056947608200455
0 0.559375 0.5466970387243736 0.0140625 0.02164009111617312
0 0.5515625 0.5876993166287016 0.01875 0.02733485193621868
0 0.571875 0.592255125284738 0.0203125 0.02847380410022779
0 0.53515625 0.5785876993166287 0.01328125 0.02164009111617312
0 0.54765625 0.5637813211845103 0.0125 0.02050113895216401
0 0.5609375 0.5694760820045558 0.0125 0.0193621867881549
0 0.5765625 0.5671981776765376 0.01328125 0.02050113895216401
0 0.5890625 0.5569476082004556 0.0140625 0.0193621867881549
0 0.52265625 0.5489749430523918 0.01640625 0.023917995444191344
0 0.50703125 0.5045558086560364 0.01796875 0.029612756264236904
0 0.5671875 0.4328018223234624 0.021875 0.030751708428246014
0 0.57265625 0.4624145785876993 0.01484375 0.02050113895216401
0 0.5875 0.47038724373576307 0.0140625 0.02050113895216401
0 0.6015625 0.4806378132118451 0.01328125 0.018223234624145785
0 0.6125 0.46583143507972663 0.01328125 0.018223234624145785
0 0.53984375 0.4635535307517084 0.01484375 0.02050113895216401
0 0.53359375 0.44646924829157175 0.0140625 0.02164009111617312
0 0.5484375 0.44533029612756264 0.015625 0.02050113895216401
0 0.55625 0.46697038724373574 0.01953125 0.029612756264236904
0 0.5234375 0.4646924829157175 0.01953125 0.030751708428246014
0 0.5328125 0.42255125284738043 0.01484375 0.023917995444191344
0 0.54765625 0.42255125284738043 0.01328125 0.02050113895216401
0 0.5171875 0.43735763097949887 0.0171875 0.02847380410022779
0 0.49921875 0.4430523917995444 0.0140625 0.023917995444191344
0 0.49765625 0.48177676537585423 0.0125 0.0193621867881549
0 0.48671875 0.5011389521640092 0.01796875 0.022779043280182234
0 0.48203125 0.479498861047836 0.01328125 0.017084282460136675
0 0.4671875 0.438496583143508 0.015625 0.022779043280182234
0 0.47734375 0.45671981776765375 0.01484375 0.022779043280182234
0 0.49140625 0.4624145785876993 0.0140625 0.02164009111617312
0 0.4625 0.4624145785876993 0.01484375 0.023917995444191344
0 0.46875 0.48405466970387245 0.0171875 0.02164009111617312
0 0.4390625 0.5011389521640092 0.015625 0.022779043280182234
0 0.4265625 0.45899772209567197 0.0171875 0.02164009111617312
0 0.44453125 0.4646924829157175 0.015625 0.02050113895216401
0 0.4640625 0.5296127562642369 0.01484375 0.023917995444191344
0 0.4796875 0.5432801822323462 0.01328125 0.017084282460136675
0 0.4921875 0.5535307517084282 0.01328125 0.017084282460136675
0 0.50546875 0.5615034168564921 0.01484375 0.02050113895216401