0 0.51015625 0.6674259681093394 0.01640625 0.022779043280182234
0 0.43671875 0.6548974943052391 0.0234375 0.03189066059225513
0 0.3609375 0.7175398633257403 0.015625 0.022779043280182234
0 0.36171875 0.6184510250569476 0.015625 0.022779043280182234
0 0.4375 0.6002277904328018 0.0234375 0.03189066059225513
0 0.48828125 0.5876993166287016 0.01953125 0.02847380410022779
0 0.54921875 0.6047835990888383 0.015625 0.0193621867881549
0 0.4859375 0.5364464692482915 0.01796875 0.02847380410022779
0 0.44296875 0.438496583143508 0.0171875 0.025056947608200455
0 0.509375 0.4498861047835991 0.0125 0.018223234624145785
0 0.5546875 0.4715261958997722 0.01484375 0.023917995444191344
0 0.50234375 0.40660592255125283 0.01328125 0.022779043280182234
0 0.43359375 0.3234624145785877 0.0140625 0.02164009111617312
0 0.5140625 0.3348519362186788 0.015625 0.02050113895216401
0 0.59140625 0.31548974943052394 0.0125 0.017084282460136675
0 0.63125 0.3895216400911162 0.01796875 0.02619589977220957
0 0.62578125 0.3223234624145786 0.01484375 0.02164009111617312
0 0.61796875 0.2847380410022779 0.01484375 0.022779043280182234
0 0.51328125 0.27790432801822323 0.01875 0.022779043280182234
0 0.5640625 0.2539863325740319 0.0171875 0.02619589977220957
0 0.6 0.21753986332574032 0.0140625 0.02733485193621868
0 0.46875 0.2437357630979499 0.01875 0.023917995444191344
0 0.38359375 0.27790432801822323 0.0171875 0.02164009111617312
0 0.36875 0.37471526195899774 0.01171875 0.0193621867881549
0 0.31796875 0.3826879271070615 0.01640625 0.0193621867881549
0 0.321875 0.3337129840546697 0.0109375 0.02050113895216401
0 0.33359375 0.296127562642369 0.01484375 0.018223234624145785
0 0.3359375 0.26879271070615035 0.0125 0.017084282460136675
0 0.44921875 0.9134396355353075 0.0125 0.02164009111617312
0 0.3859375 0.9681093394077449 0.01484375 0.02164009111617312
0 0.35703125 0.9874715261958997 0.01875 0.023917995444191344
0 0.36640625 0.9350797266514806 0.0171875 0.025056947608200455
0 0.48515625 0.9806378132118451 0.01640625 0.022779043280182234
0 0.3578125 0.8667425968109339 0.0140625 0.02050113895216401
0 0.38359375 0.8530751708428246 0.0171875 0.025056947608200455
0 0.38046875 0.5193621867881549 0.015625 0.02050113895216401
0 0.678125 0.6548974943052391 0.0125 0.02050113895216401
0 0.7359375 0.5876993166287016 0.01328125 0.02164009111617312
0 0.696875 0.48291571753986334 0.015625 0.023917995444191344
0 0.7578125 0.45671981776765375 0.01875 0.02619589977220957
0 0.79609375 0.5523917995444191 0.015625 0.022779043280182234
0 0.76171875 0.7220956719817767 0.0125 0.023917995444191344
0 0.68203125 0.8234624145785877 0.01796875 0.0193621867881549
0 0.6265625 0.7164009111617312 0.02109375 0.029612756264236904
0 0.63125 0.5933940774487472 0.015625 0.022779043280182234
0 0.23515625 0.5694760820045558 0.01875 0.025056947608200455
0 0.1234375 0.6059225512528473 0.01171875 0.02050113895216401
0 0.11015625 0.5501138952164009 0.01953125 0.029612756264236904
0 0.16484375 0.34738041002277903 0.01953125 0.02164009111617312
0 0.221875 0.38724373576309795 0.01796875 0.025056947608200455