0 0.42421875 0.49430523917995445 0.01796875 0.02733485193621868
0 0.4265625 0.2824601366742597 0.01640625 0.023917995444191344
0 0.47109375 0.22779043280182232 0.01640625 0.025056947608200455
0 0.46640625 0.05125284738041002 0.01796875 0.02619589977220957
0 0.3984375 0.06492027334851937 0.015625 0.025056947608200455
0 0.42109375 0.40660592255125283 0.015625 0.022779043280182234
0 0.5796875 0.43394077448747154 0.01875 0.023917995444191344
0 0.54921875 0.5933940774487472 0.015625 0.025056947608200455
0 0.4890625 0.7710706150341685 0.01328125 0.02164009111617312
0 0.52578125 0.8610478359908884 0.01796875 0.02733485193621868
0 0.39921875 0.9100227790432802 0.021875 0.03302961275626424
0 0.3796875 0.6195899772209568 0.01640625 0.023917995444191344
0 0.4921875 0.4031890660592255 0.01796875 0.02619589977220957
0 0.33984375 0.3895216400911162 0.0140625 0.023917995444191344
0 0.3484375 0.5421412300683371 0.01796875 0.02619589977220957
0 0.63203125 0.5387243735763098 0.0203125 0.02847380410022779
0 0.684375 0.3200455580865604 0.01875 0.02847380410022779
0 0.65703125 0.03302961275626424 0.0140625 0.02164009111617312
0 0.70625 0.09225512528473805 0.02109375 0.03189066059225513
0 0.6265625 0.7095671981776766 0.02265625 0.029612756264236904
0 0.6671875 0.8553530751708428 0.01875 0.02619589977220957
0 0.66015625 0.9943052391799544 0.015625 0.011389521640091117
0 0.0578125 0.9863325740318907 0.01875 0.02733485193621868
0 0.07109375 0.7596810933940774 0.02578125 0.03530751708428246
0 0.05 0.5899772209567198 0.015625 0.02164009111617312
0 0.0671875 0.40888382687927105 0.01640625 0.025056947608200455
0 0.10546875 0.22209567198177677 0.01875 0.023917995444191344
0 0.05859375 0.07630979498861047 0.0171875 0.02733485193621868
0 0.00625 0.20387243735763097 0.0125 0.02619589977220957
0 0.01484375 0.3086560364464693 0.01640625 0.023917995444191344