0 0.0609375 0.20273348519362186 0.01484375 0.022779043280182234
0 0.09375 0.17312072892938496 0.02109375 0.0193621867881549
0 0.18671875 0.31776765375854216 0.03515625 0.04328018223234624
0 0.39609375 0.32574031890660593 0.01953125 0.03189066059225513
0 0.14765625 0.19362186788154898 0.0203125 0.022779043280182234
0 0.45625 0.6127562642369021 0.0140625 0.025056947608200455
0 0.5828125 0.6879271070615034 0.01953125 0.023917995444191344
0 0.58515625 0.6195899772209568 0.01484375 0.029612756264236904
0 0.5625 0.43621867881548976 0.01796875 0.0193621867881549
0 0.74296875 0.31776765375854216 0.028125 0.04100227790432802
0 0.84140625 0.21867881548974943 0.01484375 0.025056947608200455
0 0.878125 0.5193621867881549 0.015625 0.02733485193621868
0 0.84609375 0.6571753986332574 0.01640625 0.022779043280182234
0 0.709375 0.5626423690205011 0.01875 0.023917995444191344
0 0.62109375 0.3462414578587699 0.0171875 0.023917995444191344
0 0.765625 0.20956719817767655 0.0171875 0.0193621867881549
0 0.825 0.012528473804100227 0.02265625 0.025056947608200455
0 0.7796875 0.14464692482915717 0.01484375 0.02733485193621868
0 0.13515625 0.49430523917995445 0.01640625 0.023917995444191344
0 0.08125 0.5740318906605922 0.0140625 0.017084282460136675
0 0.1421875 0.5763097949886105 0.01796875 0.02733485193621868
0 0.2015625 0.5182232346241458 0.01953125 0.02619589977220957
0 0.328125 0.7004555808656037 0.01875 0.029612756264236904
0 0.28671875 0.31776765375854216 0.0203125 0.029612756264236904
0 0.20859375 0.05239179954441914 0.02265625 0.03416856492027335
0 0.39921875 0.1469248291571754 0.02421875 0.03416856492027335
0 0.13984375 0.6890660592255126 0.01953125 0.02733485193621868
0 0.2171875 0.765375854214123 0.0234375 0.02619589977220957
0 0.040625 0.7289293849658315 0.02421875 0.03189066059225513
0 0.0234375 0.41116173120728927 0.01953125 0.029612756264236904
0 0.4984375 0.11617312072892938 0.0203125 0.029612756264236904
0 0.55546875 0.8120728929384966 0.01796875 0.02847380410022779
0 0.64296875 0.9066059225512528 0.0171875 0.023917995444191344
0 0.7671875 0.7813211845102506 0.01484375 0.022779043280182234
0 0.8296875 0.7915717539863326 0.01484375 0.022779043280182234
0 0.8078125 0.5273348519362187 0.02109375 0.029612756264236904
0 0.82578125 0.3451025056947608 0.025 0.025056947608200455
0 0.9515625 0.18337129840546698 0.01640625 0.02164009111617312
0 0.9390625 0.7722095671981777 0.0140625 0.02050113895216401
0 0.790625 0.8895216400911162 0.01875 0.022779043280182234
0 0.61640625 0.7676537585421412 0.025 0.02733485193621868
0 0.40546875 0.43507972665148065 0.02421875 0.02733485193621868
0 0.084375 0.8861047835990888 0.01796875 0.022779043280182234
0 0.26328125 0.9783599088838268 0.021875 0.03302961275626424
0 0.38515625 0.94874715261959 0.01640625 0.025056947608200455
0 0.49140625 0.9498861047835991 0.02265625 0.02733485193621868
0 0.0375 0.06150341685649203 0.0203125 0.03302961275626424
0 0.0609375 0.4612756264236902 0.01875 0.02733485193621868
0 0.01171875 0.5876993166287016 0.0234375 0.030751708428246014