0 0.91953125 0.9009111617312073 0.0140625 0.02164009111617312
0 0.91875 0.765375854214123 0.015625 0.022779043280182234
0 0.91484375 0.6697038724373576 0.015625 0.022779043280182234
0 0.9015625 0.5284738041002278 0.0125 0.02164009111617312
0 0.88984375 0.40888382687927105 0.0125 0.018223234624145785
0 0.8984375 0.32801822323462415 0.0109375 0.018223234624145785
0 0.89609375 0.1571753986332574 0.0125 0.0193621867881549
0 0.88828125 0.10364464692482915 0.0125 0.0193621867881549
0 0.78671875 0.0785876993166287 0.01328125 0.018223234624145785
0 0.80390625 0.2437357630979499 0.0125 0.015945330296127564
0 0.80546875 0.3690205011389522 0.01484375 0.02050113895216401
0 0.809375 0.5671981776765376 0.01171875 0.02164009111617312
0 0.80625 0.6685649202733486 0.0125 0.02050113895216401
0 0.7171875 0.6890660592255126 0.015625 0.023917995444191344
0 0.721875 0.5728929384965832 0.01484375 0.023917995444191344
0 0.73046875 0.4157175398633257 0.01328125 0.018223234624145785
0 0.7265625 0.31662870159453305 0.0125 0.0193621867881549
0 0.728125 0.17995444191343962 0.01328125 0.0193621867881549
0 0.6546875 0.16287015945330297 0.01328125 0.02050113895216401
0 0.63984375 0.2984054669703872 0.01875 0.02847380410022779
0 0.6421875 0.44419134396355353 0.01328125 0.022779043280182234
0 0.6453125 0.5740318906605922 0.0140625 0.02050113895216401
0 0.64296875 0.7266514806378133 0.01171875 0.018223234624145785
0 0.65 0.8701594533029613 0.01171875 0.017084282460136675
0 0.46015625 0.7835990888382688 0.01796875 0.02619589977220957
0 0.44765625 0.5956719817767654 0.01171875 0.017084282460136675
0 0.46328125 0.5148063781321185 0.0140625 0.022779043280182234
0 0.44296875 0.4316628701594533 0.01328125 0.018223234624145785
0 0.45703125 0.3428246013667426 0.01171875 0.018223234624145785
0 0.4359375 0.2505694760820046 0.015625 0.025056947608200455
0 0.43984375 0.10592255125284739 0.0140625 0.0193621867881549