0 0.12265625 0.5318906605922551 0.0125 0.018223234624145785
0 0.16875 0.8815489749430524 0.01796875 0.02619589977220957
0 0.14296875 0.8246013667425968 0.02109375 0.03416856492027335
0 0.265625 0.6321184510250569 0.01640625 0.025056947608200455
0 0.1625 0.11047835990888383 0.02421875 0.03302961275626424
0 0.390625 0.40660592255125283 0.0125 0.018223234624145785
0 0.390625 0.224373576309795 0.0125 0.018223234624145785
0 0.32265625 0.3826879271070615 0.0140625 0.018223234624145785
0 0.35078125 0.5785876993166287 0.0140625 0.0193621867881549
0 0.40625 0.6845102505694761 0.01484375 0.022779043280182234
0 0.3546875 0.7949886104783599 0.01328125 0.02050113895216401
0 0.4109375 0.8883826879271071 0.0125 0.0193621867881549
0 0.496875 0.9840546697038725 0.0109375 0.017084282460136675
0 0.59609375 0.9100227790432802 0.01796875 0.02847380410022779
0 0.5515625 0.6981776765375854 0.01171875 0.018223234624145785
0 0.4828125 0.7801822323462415 0.01328125 0.018223234624145785
0 0.47890625 0.49658314350797267 0.015625 0.025056947608200455
0 0.4515625 0.214123006833713 0.0140625 0.0193621867881549
0 0.346875 0.18337129840546698 0.01171875 0.015945330296127564
0 0.72421875 0.14236902050113895 0.015625 0.02050113895216401
0 0.7328125 0.27904328018223234 0.01328125 0.02050113895216401
0 0.73046875 0.3735763097949886 0.01171875 0.0193621867881549
0 0.71875 0.49316628701594534 0.01171875 0.018223234624145785
0 0.71328125 0.623006833712984 0.0140625 0.02164009111617312
0 0.71015625 0.7414578587699316 0.015625 0.02164009111617312
0 0.7234375 0.857630979498861 0.0171875 0.025056947608200455
0 0.87109375 0.9453302961275627 0.0171875 0.029612756264236904
0 0.87734375 0.7562642369020501 0.01171875 0.017084282460136675
0 0.85 0.6173120728929385 0.01796875 0.023917995444191344
0 0.8375 0.4863325740318907 0.0125 0.018223234624145785
0 0.83359375 0.22323462414578588 0.01328125 0.0193621867881549
0 0.521875 0.20956719817767655 0.0140625 0.023917995444191344
0 0.55078125 0.36560364464692485 0.0125 0.017084282460136675