0 0.44296875 0.4521640091116173 0.01953125 0.029612756264236904
0 0.40859375 0.6309794988610479 0.02265625 0.03644646924829157
0 0.43359375 0.7494305239179955 0.01953125 0.030751708428246014
0 0.434375 0.8394077448747153 0.01328125 0.02164009111617312
0 0.490625 0.8451025056947609 0.01328125 0.02050113895216401
0 0.496875 0.664009111617312 0.01484375 0.023917995444191344
0 0.48671875 0.5375854214123007 0.0140625 0.02050113895216401
0 0.4484375 0.19020501138952164 0.015625 0.022779043280182234
0 0.43828125 0.04328018223234624 0.015625 0.022779043280182234
0 0.33671875 0.04783599088838269 0.01484375 0.025056947608200455
0 0.3671875 0.2870159453302961 0.0140625 0.02050113895216401
0 0.3609375 0.4874715261958998 0.01484375 0.022779043280182234
0 0.3453125 0.7596810933940774 0.01484375 0.02050113895216401
0 0.3546875 0.8815489749430524 0.01484375 0.02050113895216401
0 0.446875 0.9259681093394078 0.01171875 0.0193621867881549
0 0.528125 0.94874715261959 0.01875 0.02733485193621868
0 0.546875 0.7129840546697038 0.0140625 0.02164009111617312
0 0.5375 0.48177676537585423 0.01640625 0.02619589977220957
0 0.53046875 0.3348519362186788 0.015625 0.025056947608200455
0 0.48203125 0.32915717539863326 0.0140625 0.0193621867881549
0 0.63984375 0.34851936218678814 0.01484375 0.02050113895216401
0 0.7609375 0.2938496583143508 0.01328125 0.02050113895216401
0 0.79140625 0.36560364464692485 0.01640625 0.025056947608200455
0 0.771875 0.44760820045558086 0.0171875 0.02050113895216401
0 0.81015625 0.5626423690205011 0.01640625 0.02619589977220957
0 0.84296875 0.6469248291571754 0.01953125 0.02847380410022779
0 0.77890625 0.7050113895216401 0.01796875 0.025056947608200455
0 0.7859375 0.928246013667426 0.015625 0.025056947608200455
0 0.86328125 0.9054669703872438 0.01875 0.02619589977220957
0 0.87734375 0.9567198177676538 0.02421875 0.03644646924829157