0 0.53203125 0.541002277904328 0.01875 0.029612756264236904
0 0.4921875 0.5341685649202733 0.015625 0.023917995444191344
0 0.51171875 0.530751708428246 0.0171875 0.02847380410022779
0 0.52109375 0.5956719817767654 0.01796875 0.029612756264236904
0 0.5359375 0.6127562642369021 0.015625 0.022779043280182234
0 0.48984375 0.5956719817767654 0.01328125 0.02050113895216401
0 0.4734375 0.5956719817767654 0.015625 0.023917995444191344
0 0.50859375 0.6298405466970387 0.0125 0.017084282460136675
0 0.5203125 0.6446469248291572 0.0125 0.02164009111617312
0 0.578125 0.6548974943052391 0.021875 0.03302961275626424
0 0.55390625 0.6503416856492027 0.01640625 0.022779043280182234
0 0.56953125 0.6002277904328018 0.02109375 0.03530751708428246
0 0.57578125 0.5523917995444191 0.01328125 0.02050113895216401
0 0.60234375 0.5558086560364465 0.01484375 0.02050113895216401
0 0.45078125 0.570615034168565 0.0171875 0.025056947608200455
0 0.46875 0.6207289293849658 0.01640625 0.025056947608200455
0 0.4734375 0.48177676537585423 0.0171875 0.023917995444191344
0 0.51328125 0.5011389521640092 0.01796875 0.02847380410022779
0 0.4703125 0.5079726651480638 0.015625 0.022779043280182234
0 0.4828125 0.3906605922551253 0.015625 0.023917995444191344
0 0.49765625 0.4020501138952164 0.015625 0.023917995444191344
0 0.45390625 0.41002277904328016 0.0125 0.02050113895216401
0 0.490625 0.4305239179954442 0.0140625 0.02050113895216401
0 0.55546875 0.44533029612756264 0.01875 0.02619589977220957
0 0.575 0.44646924829157175 0.01796875 0.029612756264236904
0 0.5625 0.489749430523918 0.015625 0.022779043280182234
0 0.51328125 0.45558086560364464 0.01484375 0.02164009111617312
0 0.525 0.37813211845102507 0.0171875 0.023917995444191344
0 0.540625 0.3234624145785877 0.0171875 0.023917995444191344
0 0.509375 0.3120728929384966 0.0203125 0.02847380410022779
0 0.52734375 0.27904328018223234 0.015625 0.02164009111617312
0 0.56953125 0.2984054669703872 0.0171875 0.025056947608200455
0 0.56640625 0.3678815489749431 0.01484375 0.0193621867881549
0 0.58984375 0.3701594533029613 0.0140625 0.018223234624145785
0 0.61796875 0.3940774487471526 0.01484375 0.02050113895216401
0 0.61796875 0.4806378132118451 0.0140625 0.0193621867881549
0 0.61484375 0.5250569476082004 0.0140625 0.018223234624145785
0 0.61171875 0.6104783599088838 0.01328125 0.0193621867881549
0 0.60078125 0.5763097949886105 0.01484375 0.02050113895216401
0 0.63125 0.5580865603644647 0.01640625 0.023917995444191344
0 0.6453125 0.570615034168565 0.0140625 0.023917995444191344
0 0.6265625 0.6047835990888383 0.0171875 0.023917995444191344
0 0.57734375 0.5728929384965832 0.01484375 0.02164009111617312
0 0.5875 0.6093394077448747 0.0140625 0.022779043280182234
0 0.621875 0.43735763097949887 0.01953125 0.02619589977220957
0 0.59375 0.4134396355353075 0.0140625 0.017084282460136675
0 0.59296875 0.43735763097949887 0.01640625 0.023917995444191344
0 0.6046875 0.46810933940774485 0.0171875 0.023917995444191344
0 0.590625 0.5022779043280182 0.01328125 0.02050113895216401
0 0.5515625 0.530751708428246 0.01328125 0.0193621867881549