0 0.4734375 0.4715261958997722 0.02109375 0.029612756264236904
0 0.45078125 0.5011389521640092 0.0140625 0.018223234624145785
0 0.49375 0.48519362186788156 0.01796875 0.02619589977220957
0 0.5171875 0.45899772209567197 0.01328125 0.0193621867881549
0 0.51171875 0.48177676537585423 0.015625 0.02164009111617312
0 0.5296875 0.48519362186788156 0.01328125 0.018223234624145785
0 0.534375 0.5079726651480638 0.0171875 0.02164009111617312
0 0.5203125 0.5011389521640092 0.0125 0.017084282460136675
0 0.53046875 0.46697038724373574 0.01328125 0.018223234624145785
0 0.503125 0.4646924829157175 0.01328125 0.0193621867881549
0 0.4890625 0.4612756264236902 0.01171875 0.0193621867881549
0 0.49140625 0.5125284738041003 0.01796875 0.023917995444191344
0 0.48046875 0.4977220956719818 0.0140625 0.017084282460136675
0 0.5140625 0.5831435079726651 0.01484375 0.0193621867881549
0 0.50078125 0.5899772209567198 0.01328125 0.018223234624145785
0 0.4875 0.6013667425968109 0.0140625 0.0193621867881549
0 0.47109375 0.6047835990888383 0.015625 0.022779043280182234
0 0.4796875 0.5842824601366743 0.01328125 0.02050113895216401
0 0.4515625 0.5649202733485194 0.01953125 0.02619589977220957
0 0.43203125 0.5660592255125285 0.01875 0.025056947608200455
0 0.4484375 0.6275626423690205 0.01484375 0.02164009111617312
0 0.44296875 0.5854214123006833 0.01484375 0.022779043280182234
0 0.45859375 0.5888382687927107 0.01640625 0.0193621867881549
0 0.45546875 0.6093394077448747 0.01328125 0.017084282460136675
0 0.4953125 0.621867881548975 0.01328125 0.017084282460136675
0 0.47890625 0.623006833712984 0.01640625 0.02050113895216401
0 0.46328125 0.621867881548975 0.01640625 0.02050113895216401
0 0.440625 0.6082004555808656 0.01640625 0.022779043280182234
0 0.50703125 0.6093394077448747 0.01796875 0.02164009111617312
0 0.5078125 0.6309794988610479 0.0140625 0.0193621867881549
0 0.496875 0.643507972665148 0.015625 0.0193621867881549
0 0.4875 0.6571753986332574 0.0125 0.015945330296127564
0 0.47265625 0.6469248291571754 0.0140625 0.017084282460136675
0 0.4578125 0.643507972665148 0.01328125 0.018223234624145785
0 0.475 0.6685649202733486 0.01484375 0.0193621867881549
0 0.46015625 0.664009111617312 0.0125 0.018223234624145785
0 0.465625 0.6856492027334852 0.01328125 0.02050113895216401
0 0.496875 0.6970387243735763 0.01484375 0.02050113895216401
0 0.4796875 0.7004555808656037 0.01484375 0.0193621867881549
0 0.48671875 0.6799544419134397 0.0140625 0.02164009111617312
0 0.5 0.6708428246013668 0.015625 0.02164009111617312
0 0.4890625 0.7175398633257403 0.0125 0.015945330296127564
0 0.47578125 0.7209567198177677 0.01328125 0.015945330296127564
0 0.54765625 0.714123006833713 0.01484375 0.0193621867881549
0 0.546875 0.7369020501138952 0.01328125 0.018223234624145785
0 0.55390625 0.7539863325740319 0.0140625 0.02050113895216401
0 0.53828125 0.7562642369020501 0.015625 0.02164009111617312
0 0.52421875 0.7425968109339408 0.0140625 0.02050113895216401
0 0.50703125 0.715261958997722 0.01484375 0.017084282460136675
0 0.534375 0.7255125284738041 0.01328125 0.018223234624145785