0 0.58125 0.8610478359908884 0.01875 0.030751708428246014
0 0.6234375 0.6799544419134397 0.0234375 0.03644646924829157
0 0.59296875 0.45671981776765375 0.0171875 0.023917995444191344
0 0.6125 0.32915717539863326 0.0171875 0.025056947608200455
0 0.60390625 0.16856492027334852 0.01796875 0.025056947608200455
0 0.69765625 0.05239179954441914 0.0171875 0.02619589977220957
0 0.3828125 0.07630979498861047 0.02109375 0.030751708428246014
0 0.3640625 0.16856492027334852 0.0171875 0.025056947608200455
0 0.3453125 0.23348519362186787 0.01875 0.030751708428246014
0 0.3546875 0.3724373576309795 0.01640625 0.023917995444191344
0 0.36328125 0.48177676537585423 0.0171875 0.02733485193621868
0 0.4046875 0.6036446469248291 0.0203125 0.02847380410022779
0 0.32421875 0.664009111617312 0.01640625 0.022779043280182234
0 0.35078125 0.8132118451025057 0.01875 0.025056947608200455
0 0.33984375 0.8906605922551253 0.0140625 0.022779043280182234
0 0.2875 0.9635535307517085 0.01484375 0.022779043280182234
0 0.2078125 0.7414578587699316 0.015625 0.025056947608200455
0 0.228125 0.5968109339407744 0.01953125 0.029612756264236904
0 0.24921875 0.4396355353075171 0.015625 0.022779043280182234
0 0.2390625 0.2357630979498861 0.02421875 0.03530751708428246
0 0.059375 0.14464692482915717 0.01796875 0.02619589977220957
0 0.05 0.35990888382687924 0.02109375 0.03416856492027335
0 0.08828125 0.5603644646924829 0.021875 0.03189066059225513
0 0.07578125 0.6970387243735763 0.01953125 0.029612756264236904
0 0.071875 0.806378132118451 0.03046875 0.04214123006833713
0 0.18671875 0.9920273348519362 0.015625 0.015945330296127564
0 0.19140625 0.8633257403189066 0.01484375 0.022779043280182234