0 0.48828125 0.3314350797266515 0.015625 0.022779043280182234
0 0.4421875 0.48177676537585423 0.01484375 0.02164009111617312
0 0.46875 0.6526195899772209 0.01640625 0.023917995444191344
0 0.56953125 0.36560364464692485 0.01875 0.022779043280182234
0 0.4 0.3451025056947608 0.01875 0.025056947608200455
0 0.4640625 0.20842824601366744 0.01875 0.02619589977220957
0 0.79140625 0.6548974943052391 0.01875 0.02733485193621868
0 0.75546875 0.4020501138952164 0.01796875 0.02164009111617312
0 0.78828125 0.31776765375854216 0.01875 0.02733485193621868
0 0.60625 0.16514806378132119 0.0171875 0.02619589977220957
0 0.4359375 0.5854214123006833 0.01796875 0.02733485193621868
0 0.4421875 0.8257403189066059 0.01484375 0.0193621867881549
0 0.54609375 0.9612756264236902 0.015625 0.02164009111617312
0 0.51953125 0.5148063781321185 0.0140625 0.02050113895216401
0 0.325 0.49430523917995445 0.0171875 0.0193621867881549
0 0.4921875 0.38610478359908884 0.0171875 0.025056947608200455
0 0.46640625 0.7175398633257403 0.0171875 0.025056947608200455
0 0.52890625 0.8906605922551253 0.01328125 0.02164009111617312
0 0.5765625 0.6082004555808656 0.0140625 0.02164009111617312
0 0.33828125 0.1867881548974943 0.0171875 0.022779043280182234
0 0.5203125 0.04100227790432802 0.01328125 0.022779043280182234
0 0.46171875 0.009111617312072893 0.015625 0.018223234624145785
0 0.85546875 0.11161731207289294 0.0140625 0.022779043280182234
0 0.8671875 0.28018223234624146 0.01640625 0.02847380410022779
0 0.89609375 0.49316628701594534 0.0171875 0.023917995444191344
0 0.90625 0.7220956719817767 0.01484375 0.02050113895216401
0 0.8703125 0.8587699316628702 0.01484375 0.02164009111617312
0 0.84140625 0.9271070615034168 0.0140625 0.018223234624145785
0 0.60390625 0.7619589977220956 0.01484375 0.0193621867881549
0 0.64296875 0.9305239179954442 0.01328125 0.02050113895216401