0 0.46875 0.48177676537585423 0.02109375 0.030751708428246014
0 0.52734375 0.44419134396355353 0.0140625 0.02050113895216401
0 0.42734375 0.417995444191344 0.0203125 0.02733485193621868
0 0.36875 0.47038724373576307 0.015625 0.022779043280182234
0 0.31953125 0.4430523917995444 0.015625 0.022779043280182234
0 0.3734375 0.5421412300683371 0.01328125 0.02050113895216401
0 0.4296875 0.5751708428246014 0.01796875 0.02733485193621868
0 0.53359375 0.5660592255125285 0.01484375 0.022779043280182234
0 0.4984375 0.5968109339407744 0.0125 0.018223234624145785
0 0.4375 0.6161731207289294 0.0125 0.0193621867881549
0 0.39296875 0.7209567198177677 0.01328125 0.0193621867881549
0 0.41875 0.7277904328018223 0.01484375 0.02164009111617312
0 0.46484375 0.7220956719817767 0.01640625 0.022779043280182234
0 0.496875 0.7300683371298405 0.01484375 0.02164009111617312
0 0.559375 0.7699316628701595 0.01640625 0.022779043280182234
0 0.528125 0.6526195899772209 0.01640625 0.02733485193621868
0 0.59609375 0.7175398633257403 0.01640625 0.02733485193621868
0 0.596875 0.28929384965831434 0.01328125 0.02050113895216401
0 0.5125 0.29954441913439633 0.01875 0.02050113895216401
0 0.428125 0.2255125284738041 0.01875 0.029612756264236904
0 0.3734375 0.18109339407744876 0.015625 0.02050113895216401
0 0.38203125 0.24145785876993167 0.015625 0.0193621867881549
0 0.35234375 0.3097949886104784 0.0171875 0.022779043280182234
0 0.33671875 0.25740318906605925 0.01328125 0.018223234624145785
0 0.465625 0.08428246013667426 0.01484375 0.022779043280182234
0 0.434375 0.007972665148063782 0.0109375 0.015945330296127564
0 0.390625 0.004555808656036446 0.0125 0.009111617312072893
0 0.353125 0.012528473804100227 0.01015625 0.015945330296127564
0 0.09375 0.025056947608200455 0.01484375 0.02050113895216401
0 0.14375 0.02164009111617312 0.01640625 0.02164009111617312
0 0.21015625 0.2949886104783599 0.01875 0.022779043280182234
0 0.17890625 0.17539863325740318 0.0140625 0.02164009111617312
0 0.221875 0.06605922551252848 0.01640625 0.025056947608200455
0 0.11953125 0.17198177676537585 0.01640625 0.02164009111617312
0 0.115625 0.296127562642369 0.01484375 0.022779043280182234
0 0.12890625 0.36332574031890663 0.0171875 0.02619589977220957
0 0.1375 0.48177676537585423 0.01640625 0.02050113895216401
0 0.1203125 0.5569476082004556 0.01796875 0.023917995444191344
0 0.0875 0.8006833712984055 0.01953125 0.02619589977220957
0 0.1203125 0.7881548974943052 0.0203125 0.025056947608200455
0 0.20546875 0.7460136674259681 0.01640625 0.02847380410022779
0 0.28515625 0.7414578587699316 0.02265625 0.02733485193621868
0 0.2421875 0.5831435079726651 0.02265625 0.02847380410022779
0 0.16640625 0.6537585421412301 0.0125 0.017084282460136675
0 0.08203125 0.6571753986332574 0.0265625 0.03758542141230068
0 0.7765625 0.55125284738041 0.01328125 0.02619589977220957
0 0.90625 0.5785876993166287 0.01484375 0.02164009111617312
0 0.9234375 0.6902050113895216 0.01328125 0.017084282460136675
0 0.85234375 0.3223234624145786 0.0234375 0.03189066059225513
0 0.88671875 0.11731207289293849 0.01484375 0.0193621867881549
0 0.8671875 0.06036446469248292 0.02109375 0.02733485193621868