0 0.54453125 0.47038724373576307 0.01796875 0.02733485193621868
0 0.5421875 0.25854214123006836 0.01640625 0.023917995444191344
0 0.49765625 0.20387243735763097 0.01640625 0.025056947608200455
0 0.50234375 0.02733485193621868 0.01796875 0.02619589977220957
0 0.5703125 0.04100227790432802 0.015625 0.025056947608200455
0 0.54765625 0.3826879271070615 0.015625 0.022779043280182234
0 0.3890625 0.41002277904328016 0.01875 0.023917995444191344
0 0.41953125 0.5694760820045558 0.015625 0.025056947608200455
0 0.4796875 0.7471526195899773 0.01328125 0.02164009111617312
0 0.44296875 0.837129840546697 0.01796875 0.02733485193621868
0 0.56875 0.8861047835990888 0.021875 0.03302961275626424
0 0.5890625 0.5956719817767654 0.01640625 0.023917995444191344
0 0.4765625 0.3804100227790433 0.01796875 0.02619589977220957
0 0.628125 0.36560364464692485 0.0140625 0.023917995444191344
0 0.61953125 0.5182232346241458 0.01796875 0.02619589977220957
0 0.33671875 0.5148063781321185 0.0203125 0.02847380410022779
0 0.284375 0.296127562642369 0.01875 0.02847380410022779
0 0.31171875 0.010250569476082005 0.0140625 0.02050113895216401
0 0.26171875 0.0683371298405467 0.02109375 0.03189066059225513
0 0.34140625 0.6856492027334852 0.02265625 0.029612756264236904
0 0.30078125 0.8314350797266514 0.01875 0.02619589977220957
0 0.30859375 0.9760820045558086 0.015625 0.022779043280182234
0 0.91171875 0.9635535307517085 0.01796875 0.02619589977220957
0 0.896875 0.7357630979498861 0.02578125 0.03530751708428246
0 0.91875 0.5660592255125285 0.015625 0.02164009111617312
0 0.9015625 0.38496583143507973 0.01640625 0.025056947608200455
0 0.8625 0.19817767653758542 0.01875 0.023917995444191344
0 0.909375 0.05239179954441914 0.0171875 0.02733485193621868
0 0.96640625 0.17995444191343962 0.01953125 0.02619589977220957
0 0.95390625 0.2847380410022779 0.01640625 0.023917995444191344