0 0.08203125 0.34965831435079725 0.01640625 0.022779043280182234
0 0.2359375 0.2733485193621868 0.01953125 0.030751708428246014
0 0.8625 0.6697038724373576 0.01171875 0.018223234624145785
0 0.9015625 0.7255125284738041 0.015625 0.02050113895216401
0 0.4625 0.6605922551252847 0.02265625 0.023917995444191344
0 0.41484375 0.43394077448747154 0.01953125 0.02847380410022779
0 0.353125 0.6776765375854215 0.01796875 0.02164009111617312
0 0.275 0.6150341685649203 0.01484375 0.018223234624145785
0 0.23828125 0.7528473804100227 0.01640625 0.023917995444191344
0 0.2703125 0.46583143507972663 0.01953125 0.025056947608200455
0 0.2109375 0.5876993166287016 0.01875 0.018223234624145785
0 0.0671875 0.6651480637813212 0.021875 0.02619589977220957
0 0.1265625 0.8041002277904328 0.01171875 0.022779043280182234
0 0.18203125 0.23804100227790434 0.0203125 0.02619589977220957
0 0.2375 0.10022779043280182 0.01953125 0.02733485193621868
0 0.50703125 0.1662870159453303 0.02265625 0.03189066059225513
0 0.42109375 0.1958997722095672 0.025 0.03530751708428246
0 0.21796875 0.3553530751708428 0.03515625 0.03758542141230068
0 0.12265625 0.530751708428246 0.01328125 0.02164009111617312
0 0.53046875 0.3917995444191344 0.0109375 0.02050113895216401
0 0.75703125 0.17995444191343962 0.015625 0.0193621867881549
0 0.765625 0.570615034168565 0.0125 0.02847380410022779
0 0.59296875 0.5728929384965832 0.01640625 0.025056947608200455
0 0.646875 0.5990888382687927 0.0140625 0.022779043280182234
0 0.59453125 0.6958997722095672 0.01484375 0.02164009111617312
0 0.61796875 0.7733485193621867 0.02265625 0.02619589977220957
0 0.65703125 0.724373576309795 0.0140625 0.023917995444191344
0 0.68359375 0.7539863325740319 0.015625 0.02164009111617312
0 0.41796875 0.7722095671981777 0.0171875 0.02164009111617312
0 0.44765625 0.8599088838268792 0.015625 0.0193621867881549
0 0.44765625 0.8109339407744874 0.0171875 0.018223234624145785
0 0.3140625 0.35876993166287013 0.021875 0.03530751708428246
0 0.31171875 0.4863325740318907 0.01328125 0.018223234624145785
0 0.18125 0.4908883826879271 0.01015625 0.0193621867881549
0 0.64609375 0.15945330296127563 0.01640625 0.0193621867881549
0 0.8140625 0.0785876993166287 0.01640625 0.02733485193621868
0 0.83515625 0.38610478359908884 0.01796875 0.02164009111617312
0 0.9125 0.40774487471526194 0.01015625 0.02050113895216401
0 0.83984375 0.2824601366742597 0.0203125 0.025056947608200455
0 0.69453125 0.6309794988610479 0.01796875 0.02847380410022779
0 0.759375 0.2539863325740319 0.0140625 0.02050113895216401
0 0.64453125 0.3929384965831435 0.0171875 0.025056947608200455
0 0.5296875 0.5455580865603644 0.015625 0.02847380410022779
0 0.5203125 0.642369020501139 0.015625 0.02164009111617312
0 0.37734375 0.5615034168564921 0.01328125 0.02050113895216401
0 0.4234375 0.5888382687927107 0.0171875 0.023917995444191344
0 0.1078125 0.22779043280182232 0.01796875 0.02164009111617312
0 0.06171875 0.1492027334851936 0.0171875 0.025056947608200455
0 0.0828125 0.11275626423690205 0.0203125 0.03189066059225513
0 0.8375 0.19931662870159453 0.021875 0.02619589977220957
0 0.9125 0.10933940774487472 0.01796875 0.02164009111617312