0 0.396875 0.8735763097949886 0.0140625 0.02164009111617312
0 0.35703125 0.7027334851936219 0.01875 0.025056947608200455
0 0.4 0.6389521640091116 0.02265625 0.03416856492027335
0 0.41015625 0.4533029612756264 0.01328125 0.02164009111617312
0 0.25 0.3678815489749431 0.0140625 0.02050113895216401
0 0.29140625 0.2539863325740319 0.0234375 0.0387243735763098
0 0.3859375 0.22323462414578588 0.01171875 0.02164009111617312
0 0.5234375 0.6548974943052391 0.0140625 0.02050113895216401
0 0.5328125 0.7687927107061503 0.0140625 0.02050113895216401
0 0.490625 0.8633257403189066 0.01328125 0.018223234624145785
0 0.6203125 0.9441913439635535 0.015625 0.02164009111617312
0 0.69375 0.8451025056947609 0.01640625 0.02619589977220957
0 0.628125 0.8120728929384966 0.01484375 0.0193621867881549
0 0.5234375 0.929384965831435 0.01328125 0.0193621867881549
0 0.278125 0.0683371298405467 0.02109375 0.030751708428246014
0 0.86328125 0.13097949886104784 0.0140625 0.02164009111617312
0 0.88359375 0.19248291571753987 0.01484375 0.025056947608200455
0 0.9296875 0.3223234624145786 0.01640625 0.025056947608200455
0 0.87421875 0.39977220956719817 0.021875 0.03189066059225513
0 0.853125 0.5535307517084282 0.015625 0.025056947608200455
0 0.9296875 0.5968109339407744 0.0140625 0.023917995444191344
0 0.92421875 0.7574031890660592 0.021875 0.03302961275626424
0 0.80546875 0.8826879271070615 0.01484375 0.025056947608200455
0 0.91328125 0.9020501138952164 0.0125 0.018223234624145785
0 0.73828125 0.5364464692482915 0.0140625 0.0193621867881549
0 0.73359375 0.21867881548974943 0.01640625 0.023917995444191344
0 0.5125 0.24031890660592256 0.01484375 0.02050113895216401
0 0.540625 0.3952164009111617 0.01484375 0.02164009111617312
0 0.59609375 0.43394077448747154 0.01328125 0.0193621867881549
0 0.60390625 0.6047835990888383 0.01328125 0.02164009111617312