0 0.4984375 0.979498861047836 0.015625 0.0193621867881549
0 0.52421875 0.9920273348519362 0.01484375 0.015945330296127564
0 0.54921875 0.9931662870159453 0.01640625 0.012528473804100227
0 0.625 0.9908883826879271 0.01875 0.018223234624145785
0 0.3765625 0.9863325740318907 0.01875 0.02619589977220957
0 0.2875 0.9908883826879271 0.015625 0.018223234624145785
0 0.27265625 0.9851936218678815 0.01640625 0.02050113895216401
0 0.196875 0.9851936218678815 0.01484375 0.02050113895216401
0 0.18203125 0.9738041002277904 0.01796875 0.02164009111617312
0 0.04609375 0.9624145785876993 0.025 0.03530751708428246
0 0.02265625 0.9145785876993167 0.0234375 0.03530751708428246
0 0.01484375 0.9863325740318907 0.0140625 0.0193621867881549
0 0.03359375 0.9920273348519362 0.0140625 0.015945330296127564
0 0.0796875 0.9817767653758542 0.01484375 0.018223234624145785
0 0.01640625 0.8462414578587699 0.0203125 0.02847380410022779
0 0.00546875 0.7949886104783599 0.0109375 0.02733485193621868
0 0.0046875 0.7004555808656037 0.00859375 0.03302961275626424
0 0.0078125 0.6275626423690205 0.015625 0.029612756264236904
0 0.01171875 0.541002277904328 0.02109375 0.03416856492027335
0 0.021875 0.4783599088838269 0.01484375 0.022779043280182234
0 0.01953125 0.4123006833712984 0.01328125 0.02164009111617312
0 0.015625 0.11731207289293849 0.0171875 0.02733485193621868
0 0.02421875 0.009111617312072893 0.0140625 0.018223234624145785
0 0.21875 0.012528473804100227 0.01875 0.02164009111617312
0 0.34921875 0.009111617312072893 0.015625 0.018223234624145785
0 0.74375 0.00683371298405467 0.021875 0.01366742596810934
0 0.71015625 0.018223234624145785 0.01640625 0.02050113895216401
0 0.8390625 0.009111617312072893 0.015625 0.018223234624145785
0 0.89453125 0.009111617312072893 0.015625 0.017084282460136675
0 0.9578125 0.04100227790432802 0.01875 0.025056947608200455
0 0.9890625 0.08428246013667426 0.01328125 0.0193621867881549
0 0.9890625 0.12870159453302962 0.01484375 0.02164009111617312
0 0.95859375 0.23917995444191345 0.01796875 0.02050113895216401
0 0.88203125 0.18337129840546698 0.021875 0.029612756264236904
0 0.91328125 0.2619589977220957 0.01875 0.025056947608200455
0 0.8734375 0.4134396355353075 0.02421875 0.03302961275626424
0 0.93671875 0.4988610478359909 0.0140625 0.0193621867881549
0 0.96015625 0.4043280182232346 0.015625 0.02164009111617312
0 0.9625 0.47038724373576307 0.015625 0.022779043280182234
0 0.978125 0.5979498861047836 0.0125 0.018223234624145785
0 0.98671875 0.7425968109339408 0.015625 0.02164009111617312
0 0.98203125 0.8109339407744874 0.0171875 0.023917995444191344
0 0.98125 0.9066059225512528 0.0171875 0.02164009111617312
0 0.9390625 0.8644646924829157 0.01328125 0.02050113895216401
0 0.9375 0.928246013667426 0.01953125 0.03189066059225513
0 0.87421875 0.9703872437357631 0.01484375 0.02050113895216401
0 0.8625 0.8257403189066059 0.01484375 0.0193621867881549
0 0.85390625 0.8109339407744874 0.0125 0.0193621867881549
0 0.84765625 0.8291571753986332 0.01796875 0.0193621867881549
0 0.87265625 0.8416856492027335 0.0140625 0.02050113895216401
0 0.86796875 0.806378132118451 0.01171875 0.017084282460136675