0 0.46640625 0.4544419134396355 0.02265625 0.03189066059225513
0 0.4421875 0.4863325740318907 0.015625 0.0193621867881549
0 0.4875 0.46924829157175396 0.01953125 0.02733485193621868
0 0.51328125 0.4419134396355353 0.0140625 0.02050113895216401
0 0.50703125 0.46583143507972663 0.01640625 0.022779043280182234
0 0.5265625 0.46924829157175396 0.0140625 0.0193621867881549
0 0.53203125 0.49430523917995445 0.01796875 0.023917995444191344
0 0.51640625 0.4863325740318907 0.0140625 0.018223234624145785
0 0.52734375 0.44874715261959 0.0140625 0.02050113895216401
0 0.4984375 0.44760820045558086 0.0140625 0.02050113895216401
0 0.4828125 0.4430523917995444 0.01328125 0.02050113895216401
0 0.48515625 0.4988610478359909 0.01875 0.025056947608200455
0 0.4734375 0.48291571753986334 0.01484375 0.018223234624145785
0 0.509375 0.5751708428246014 0.015625 0.02050113895216401
0 0.4953125 0.5820045558086561 0.0140625 0.0193621867881549
0 0.48125 0.5945330296127562 0.01484375 0.02050113895216401
0 0.4640625 0.5979498861047836 0.01640625 0.023917995444191344
0 0.47265625 0.5763097949886105 0.01484375 0.022779043280182234
0 0.4421875 0.5546697038724373 0.02109375 0.02733485193621868
0 0.421875 0.5558086560364465 0.0203125 0.02733485193621868
0 0.4390625 0.621867881548975 0.01640625 0.022779043280182234
0 0.4328125 0.5774487471526196 0.01640625 0.025056947608200455
0 0.45 0.5808656036446469 0.0171875 0.02164009111617312
0 0.44609375 0.60250569476082 0.01484375 0.018223234624145785
0 0.48984375 0.6161731207289294 0.0140625 0.018223234624145785
0 0.471875 0.6184510250569476 0.0171875 0.02164009111617312
0 0.4546875 0.6173120728929385 0.01796875 0.022779043280182234
0 0.43046875 0.60250569476082 0.01796875 0.023917995444191344
0 0.50234375 0.60250569476082 0.01953125 0.023917995444191344
0 0.503125 0.6264236902050114 0.015625 0.02050113895216401
0 0.490625 0.6400911161731208 0.0171875 0.02050113895216401
0 0.48125 0.6548974943052391 0.01328125 0.017084282460136675
0 0.465625 0.643507972665148 0.015625 0.018223234624145785
0 0.44921875 0.6400911161731208 0.0140625 0.0193621867881549
0 0.46796875 0.6674259681093394 0.01640625 0.02050113895216401
0 0.45234375 0.6617312072892938 0.0140625 0.02050113895216401
0 0.4578125 0.6856492027334852 0.01484375 0.022779043280182234
0 0.49140625 0.6981776765375854 0.015625 0.02164009111617312
0 0.47265625 0.7004555808656037 0.01640625 0.02164009111617312
0 0.4796875 0.6799544419134397 0.015625 0.022779043280182234
0 0.49453125 0.6697038724373576 0.01640625 0.023917995444191344
0 0.4828125 0.7198177676537585 0.01328125 0.018223234624145785
0 0.46796875 0.7232346241457859 0.0140625 0.017084282460136675
0 0.54609375 0.715261958997722 0.015625 0.02164009111617312
0 0.5453125 0.7414578587699316 0.01484375 0.02050113895216401
0 0.55234375 0.7585421412300684 0.01484375 0.022779043280182234
0 0.5359375 0.7619589977220956 0.0171875 0.022779043280182234
0 0.52109375 0.7471526195899773 0.015625 0.022779043280182234
0 0.50234375 0.7175398633257403 0.01640625 0.0193621867881549
0 0.53125 0.7289293849658315 0.0140625 0.0193621867881549