0 0.546875 0.030751708428246014 0.0125 0.02164009111617312
0 0.55546875 0.19931662870159453 0.0171875 0.02847380410022779
0 0.59453125 0.3678815489749431 0.021875 0.03416856492027335
0 0.56640625 0.5740318906605922 0.015625 0.02164009111617312
0 0.584375 0.6924829157175398 0.015625 0.023917995444191344
0 0.5765625 0.8416856492027335 0.01640625 0.023917995444191344
0 0.66328125 0.9498861047835991 0.015625 0.023917995444191344
0 0.371875 0.928246013667426 0.01953125 0.02847380410022779
0 0.35390625 0.8428246013667426 0.01640625 0.023917995444191344
0 0.33671875 0.7813211845102506 0.0171875 0.02847380410022779
0 0.3453125 0.6526195899772209 0.015625 0.022779043280182234
0 0.353125 0.55125284738041 0.015625 0.025056947608200455
0 0.39140625 0.43735763097949887 0.01875 0.02619589977220957
0 0.3171875 0.3815489749430524 0.015625 0.02050113895216401
0 0.34140625 0.2437357630979499 0.0171875 0.023917995444191344
0 0.33125 0.17084282460136674 0.01328125 0.02050113895216401
0 0.2828125 0.10364464692482915 0.0140625 0.02050113895216401
0 0.2484375 0.03416856492027335 0.01484375 0.02164009111617312
0 0.209375 0.3097949886104784 0.01484375 0.022779043280182234
0 0.22734375 0.44419134396355353 0.01796875 0.02733485193621868
0 0.246875 0.5899772209567198 0.01484375 0.02164009111617312
0 0.2375 0.7801822323462415 0.02265625 0.03302961275626424
0 0.0703125 0.8644646924829157 0.01640625 0.023917995444191344
0 0.0625 0.664009111617312 0.01953125 0.03189066059225513
0 0.09765625 0.4772209567198178 0.0203125 0.029612756264236904
0 0.0859375 0.35079726651480636 0.01796875 0.02733485193621868
0 0.08203125 0.24943052391799544 0.028125 0.0387243735763098
0 0.11796875 0.03644646924829157 0.0265625 0.03758542141230068
0 0.1890625 0.07403189066059225 0.01484375 0.02164009111617312
0 0.19375 0.1970387243735763 0.0140625 0.02050113895216401