0 0.48125 0.49316628701594534 0.0171875 0.025056947608200455
0 0.490625 0.5899772209567198 0.015625 0.02164009111617312
0 0.49765625 0.7198177676537585 0.0125 0.0193621867881549
0 0.48046875 0.8234624145785877 0.01171875 0.018223234624145785
0 0.50234375 0.9248291571753986 0.0140625 0.02050113895216401
0 0.56875 0.4396355353075171 0.0125 0.022779043280182234
0 0.52578125 0.30637813211845105 0.01484375 0.02050113895216401
0 0.48828125 0.2061503416856492 0.0171875 0.022779043280182234
0 0.49375 0.0683371298405467 0.01328125 0.02164009111617312
0 0.575 0.09453302961275627 0.01875 0.025056947608200455
0 0.5578125 0.224373576309795 0.01640625 0.023917995444191344
0 0.61640625 0.29157175398633256 0.02109375 0.029612756264236904
0 0.6078125 0.5159453302961275 0.0140625 0.02164009111617312
0 0.57890625 0.6355353075170843 0.01484375 0.02619589977220957
0 0.578125 0.7961275626423691 0.015625 0.02050113895216401
0 0.59453125 0.89749430523918 0.01875 0.029612756264236904
0 0.39921875 0.9726651480637813 0.01484375 0.022779043280182234
0 0.1765625 0.8633257403189066 0.015625 0.02164009111617312
0 0.12421875 0.89749430523918 0.0140625 0.018223234624145785
0 0.05703125 0.9328018223234624 0.01484375 0.02050113895216401
0 0.11484375 0.958997722095672 0.01171875 0.018223234624145785
0 0.09375 0.6503416856492027 0.0140625 0.02164009111617312
0 0.15703125 0.6389521640091116 0.01328125 0.02050113895216401
0 0.1140625 0.510250569476082 0.01328125 0.018223234624145785
0 0.09921875 0.37585421412300685 0.0125 0.018223234624145785
0 0.1 0.23234624145785876 0.0140625 0.0193621867881549
0 0.096875 0.11161731207289294 0.0171875 0.022779043280182234
0 0.18515625 0.10022779043280182 0.01484375 0.0193621867881549
0 0.190625 0.22323462414578588 0.015625 0.022779043280182234
0 0.1609375 0.3097949886104784 0.0140625 0.02050113895216401
0 0.18046875 0.4214123006833713 0.0171875 0.022779043280182234
0 0.2109375 0.5182232346241458 0.0125 0.018223234624145785