0 0.228125 0.7084282460136674 0.0234375 0.03189066059225513
0 0.66640625 0.41116173120728927 0.01640625 0.022779043280182234
0 0.90078125 0.44419134396355353 0.01953125 0.02733485193621868
0 0.87421875 0.7129840546697038 0.02265625 0.03302961275626424
0 0.45 0.5637813211845103 0.0171875 0.02733485193621868
0 0.16015625 0.5797266514806378 0.01796875 0.030751708428246014
0 0.51875 0.3530751708428246 0.01953125 0.029612756264236904
0 0.44296875 0.05353075170842825 0.015625 0.025056947608200455
0 0.41328125 0.8792710706150342 0.01484375 0.023917995444191344
0 0.5953125 0.8952164009111617 0.01640625 0.02164009111617312
0 0.35 0.7118451025056948 0.0171875 0.023917995444191344
0 0.30390625 0.5569476082004556 0.0171875 0.02619589977220957
0 0.23046875 0.2972665148063781 0.0171875 0.02733485193621868
0 0.3109375 0.029612756264236904 0.015625 0.02733485193621868
0 0.7484375 0.36104783599088835 0.0203125 0.02733485193621868
0 0.8046875 0.15831435079726652 0.015625 0.023917995444191344
0 0.73515625 0.0387243735763098 0.01796875 0.02619589977220957
0 0.7421875 0.8701594533029613 0.015625 0.022779043280182234
0 0.50625 0.6275626423690205 0.0203125 0.02847380410022779
0 0.7015625 0.6298405466970387 0.01875 0.02619589977220957
0 0.36796875 0.214123006833713 0.015625 0.02050113895216401
0 0.12578125 0.9384965831435079 0.0234375 0.03416856492027335
0 0.09375 0.8223234624145785 0.01796875 0.023917995444191344
0 0.2515625 0.8872437357630979 0.0171875 0.02733485193621868
0 0.06171875 0.7186788154897494 0.01640625 0.025056947608200455
0 0.0453125 0.5785876993166287 0.0140625 0.022779043280182234
0 0.06171875 0.3826879271070615 0.015625 0.025056947608200455
0 0.05546875 0.1070615034168565 0.0171875 0.025056947608200455
0 0.046875 0.030751708428246014 0.0171875 0.025056947608200455