0 0.51484375 0.5125284738041003 0.01640625 0.02619589977220957
0 0.4953125 0.3234624145785877 0.0140625 0.0193621867881549
0 0.5 0.23234624145785876 0.0140625 0.02050113895216401
0 0.50390625 0.13439635535307518 0.0140625 0.02050113895216401
0 0.4234375 0.22095671981776766 0.01796875 0.025056947608200455
0 0.42265625 0.35876993166287013 0.0125 0.02050113895216401
0 0.4390625 0.49544419134396356 0.01796875 0.025056947608200455
0 0.48203125 0.6047835990888383 0.0140625 0.022779043280182234
0 0.528125 0.7892938496583144 0.0171875 0.023917995444191344
0 0.53046875 0.9521640091116174 0.015625 0.02164009111617312
0 0.62421875 0.9191343963553531 0.01640625 0.02164009111617312
0 0.6125 0.7904328018223234 0.01796875 0.02619589977220957
0 0.6421875 0.5933940774487472 0.01484375 0.02164009111617312
0 0.63359375 0.5045558086560364 0.0140625 0.02050113895216401
0 0.62890625 0.4009111617312073 0.0125 0.02050113895216401
0 0.6140625 0.27904328018223234 0.01484375 0.02050113895216401
0 0.603125 0.21298405466970388 0.01484375 0.0193621867881549
0 0.6015625 0.07517084282460136 0.0140625 0.0193621867881549
0 0.1390625 0.11047835990888383 0.01875 0.029612756264236904
0 0.14765625 0.29271070615034167 0.01640625 0.02733485193621868
0 0.140625 0.4419134396355353 0.01640625 0.022779043280182234
0 0.140625 0.6082004555808656 0.0234375 0.03758542141230068
0 0.046875 0.5615034168564921 0.0140625 0.02050113895216401
0 0.06953125 0.6708428246013668 0.01953125 0.02733485193621868
0 0.13828125 0.8132118451025057 0.01796875 0.025056947608200455
0 0.18515625 0.9601366742596811 0.02265625 0.029612756264236904
0 0.24140625 0.7881548974943052 0.02109375 0.029612756264236904
0 0.2484375 0.643507972665148 0.01484375 0.023917995444191344
0 0.2390625 0.438496583143508 0.01328125 0.0193621867881549
0 0.2234375 0.3132118451025057 0.01953125 0.02847380410022779