0 0.92734375 0.06605922551252848 0.0296875 0.0489749430523918
0 0.49609375 0.38724373576309795 0.02109375 0.02733485193621868
0 0.33046875 0.32801822323462415 0.01796875 0.02050113895216401
0 0.34140625 0.4009111617312073 0.0203125 0.02733485193621868
0 0.50859375 0.6446469248291572 0.02421875 0.029612756264236904
0 0.678125 0.7517084282460137 0.02421875 0.02847380410022779
0 0.22578125 0.25626423690205014 0.02109375 0.02733485193621868
0 0.16328125 0.45899772209567197 0.0203125 0.02733485193621868
0 0.2953125 0.5227790432801822 0.02890625 0.03530751708428246
0 0.7265625 0.5022779043280182 0.01796875 0.03189066059225513
0 0.74609375 0.28018223234624146 0.0203125 0.029612756264236904
0 0.87265625 0.6116173120728929 0.0265625 0.029612756264236904
0 0.5375 0.8462414578587699 0.01875 0.02847380410022779
0 0.33984375 0.8132118451025057 0.0140625 0.023917995444191344
0 0.46953125 0.1252847380410023 0.01953125 0.02733485193621868
0 0.20859375 0.08542141230068337 0.01875 0.02619589977220957
0 0.09296875 0.1571753986332574 0.02265625 0.029612756264236904
0 0.1140625 0.2733485193621868 0.01875 0.02733485193621868
0 0.25078125 0.3553530751708428 0.0171875 0.02847380410022779
0 0.7734375 0.40888382687927105 0.025 0.030751708428246014
0 0.903125 0.30182232346241455 0.01953125 0.030751708428246014
0 0.8265625 0.8690205011389521 0.021875 0.03189066059225513
0 0.96953125 0.7767653758542141 0.01875 0.02619589977220957
0 0.634375 0.9521640091116174 0.0171875 0.022779043280182234
0 0.1703125 0.7471526195899773 0.0171875 0.02164009111617312
0 0.06796875 0.7460136674259681 0.01796875 0.025056947608200455
0 0.02578125 0.9453302961275627 0.0171875 0.022779043280182234
0 0.4 0.9612756264236902 0.0125 0.022779043280182234
0 0.61328125 0.42255125284738043 0.01875 0.02050113895216401
0 0.60390625 0.18906605922551253 0.01875 0.023917995444191344