0 0.47734375 0.49544419134396356 0.0171875 0.02619589977220957
0 0.478125 0.5956719817767654 0.0140625 0.018223234624145785
0 0.4734375 0.7232346241457859 0.0140625 0.02050113895216401
0 0.53046875 0.6583143507972665 0.01640625 0.02619589977220957
0 0.5421875 0.5683371298405467 0.015625 0.023917995444191344
0 0.55 0.47380410022779046 0.01484375 0.025056947608200455
0 0.5203125 0.3325740318906606 0.01640625 0.022779043280182234
0 0.49140625 0.20387243735763097 0.01171875 0.018223234624145785
0 0.49609375 0.10022779043280182 0.01484375 0.02164009111617312
0 0.49609375 0.02050113895216401 0.0140625 0.02164009111617312
0 0.7515625 0.05125284738041002 0.0125 0.0193621867881549
0 0.75234375 0.17539863325740318 0.0140625 0.02164009111617312
0 0.746875 0.2824601366742597 0.0171875 0.02619589977220957
0 0.753125 0.36560364464692485 0.015625 0.023917995444191344
0 0.725 0.42255125284738043 0.0171875 0.02619589977220957
0 0.73046875 0.5387243735763098 0.01875 0.030751708428246014
0 0.73046875 0.6492027334851936 0.01875 0.025056947608200455
0 0.70390625 0.7471526195899773 0.0171875 0.022779043280182234
0 0.72265625 0.8633257403189066 0.01640625 0.02619589977220957
0 0.66484375 0.9248291571753986 0.015625 0.022779043280182234
0 0.93203125 0.9168564920273349 0.015625 0.02164009111617312
0 0.9375 0.8553530751708428 0.01640625 0.02619589977220957
0 0.8828125 0.7722095671981777 0.0171875 0.02619589977220957
0 0.89609375 0.7266514806378133 0.01875 0.02733485193621868
0 0.86328125 0.591116173120729 0.0234375 0.03302961275626424
0 0.909375 0.48177676537585423 0.015625 0.025056947608200455
0 0.9203125 0.39863325740318906 0.01640625 0.02619589977220957
0 0.9125 0.33712984054669703 0.01875 0.02847380410022779
0 0.915625 0.23462414578587698 0.025 0.03644646924829157
0 0.9203125 0.1275626423690205 0.015625 0.02050113895216401