0 0.5296875 0.5501138952164009 0.01796875 0.025056947608200455
0 0.42734375 0.5353075170842825 0.01953125 0.02733485193621868
0 0.31796875 0.5398633257403189 0.01796875 0.02619589977220957
0 0.31171875 0.6480637813211845 0.0171875 0.023917995444191344
0 0.3078125 0.7562642369020501 0.01484375 0.02050113895216401
0 0.30703125 0.8712984054669703 0.01953125 0.02733485193621868
0 0.30546875 0.9908883826879271 0.01640625 0.017084282460136675
0 0.309375 0.35193621867881547 0.015625 0.02050113895216401
0 0.25625 0.37813211845102507 0.01953125 0.025056947608200455
0 0.36953125 0.4054669703872437 0.01484375 0.02164009111617312
0 0.32265625 0.4498861047835991 0.01640625 0.022779043280182234
0 0.2234375 0.44760820045558086 0.015625 0.02619589977220957
0 0.2625 0.5899772209567198 0.01875 0.02847380410022779
0 0.23203125 0.664009111617312 0.0171875 0.02619589977220957
0 0.2421875 0.7539863325740319 0.01953125 0.02619589977220957
0 0.2265625 0.9738041002277904 0.02265625 0.02847380410022779
0 0.95703125 0.9840546697038725 0.02109375 0.02847380410022779
0 0.95703125 0.835990888382688 0.01484375 0.0193621867881549
0 0.94921875 0.715261958997722 0.01484375 0.02050113895216401
0 0.9640625 0.5990888382687927 0.01796875 0.023917995444191344
0 0.96171875 0.4715261958997722 0.0140625 0.02050113895216401
0 0.94921875 0.38724373576309795 0.01875 0.029612756264236904
0 0.95234375 0.23006833712984054 0.0203125 0.02847380410022779
0 0.96328125 0.07061503416856492 0.01640625 0.02619589977220957
0 0.9171875 0.06605922551252848 0.01484375 0.02164009111617312
0 0.89375 0.16287015945330297 0.01640625 0.02619589977220957
0 0.86953125 0.30182232346241455 0.015625 0.02164009111617312
0 0.8734375 0.45671981776765375 0.01484375 0.022779043280182234
0 0.88203125 0.5740318906605922 0.015625 0.02164009111617312
0 0.8734375 0.6469248291571754 0.01953125 0.02847380410022779