0 0.44453125 0.5022779043280182 0.015625 0.02050113895216401
0 0.44296875 0.3246013667425968 0.01875 0.029612756264236904
0 0.44375 0.18792710706150342 0.015625 0.022779043280182234
0 0.4125 0.07630979498861047 0.015625 0.023917995444191344
0 0.46796875 0.08314350797266515 0.01796875 0.02619589977220957
0 0.49609375 0.21298405466970388 0.0171875 0.02733485193621868
0 0.5046875 0.32574031890660593 0.015625 0.022779043280182234
0 0.503125 0.4328018223234624 0.0140625 0.02050113895216401
0 0.57421875 0.4635535307517084 0.02109375 0.02847380410022779
0 0.54609375 0.5683371298405467 0.0296875 0.03530751708428246
0 0.5265625 0.784738041002278 0.0171875 0.02733485193621868
0 0.49375 0.9339407744874715 0.01484375 0.022779043280182234
0 0.878125 0.8109339407744874 0.01484375 0.023917995444191344
0 0.8859375 0.6765375854214123 0.0171875 0.023917995444191344
0 0.85 0.5842824601366743 0.02421875 0.03189066059225513
0 0.85703125 0.3906605922551253 0.01796875 0.02619589977220957
0 0.87890625 0.28018223234624146 0.021875 0.03302961275626424
0 0.84765625 0.07403189066059225 0.01796875 0.02733485193621868
0 0.915625 0.09225512528473805 0.02109375 0.02619589977220957
0 0.98203125 0.1856492027334852 0.01953125 0.029612756264236904
0 0.965625 0.30637813211845105 0.02109375 0.030751708428246014
0 0.9546875 0.42596810933940776 0.01484375 0.022779043280182234
0 0.94765625 0.5056947608200456 0.01953125 0.02733485193621868
0 0.93984375 0.6355353075170843 0.01796875 0.029612756264236904
0 0.9421875 0.7425968109339408 0.02578125 0.03758542141230068
0 0.96015625 0.8428246013667426 0.01796875 0.022779043280182234
0 0.75 0.8895216400911162 0.01796875 0.025056947608200455
0 0.8046875 0.9271070615034168 0.02109375 0.02733485193621868
0 0.8484375 0.9863325740318907 0.01953125 0.025056947608200455