0 0.12421875 0.5455580865603644 0.01328125 0.02050113895216401
0 0.1734375 0.9225512528473804 0.01953125 0.02847380410022779
0 0.14609375 0.8621867881548975 0.02265625 0.03758542141230068
0 0.278125 0.6537585421412301 0.01796875 0.02733485193621868
0 0.16640625 0.09111617312072894 0.0265625 0.03530751708428246
0 0.41328125 0.41116173120728927 0.01328125 0.02050113895216401
0 0.41328125 0.214123006833713 0.01328125 0.02050113895216401
0 0.33984375 0.38496583143507973 0.015625 0.0193621867881549
0 0.3703125 0.5968109339407744 0.015625 0.02164009111617312
0 0.4296875 0.7107061503416856 0.01640625 0.023917995444191344
0 0.37421875 0.8291571753986332 0.0140625 0.02164009111617312
0 0.43515625 0.9305239179954442 0.0140625 0.02050113895216401
0 0.63515625 0.9533029612756264 0.01953125 0.030751708428246014
0 0.58671875 0.724373576309795 0.0125 0.0193621867881549
0 0.5125 0.8132118451025057 0.0140625 0.0193621867881549
0 0.5078125 0.5079726651480638 0.01640625 0.02733485193621868
0 0.47890625 0.20387243735763097 0.01484375 0.02164009111617312
0 0.36640625 0.16970387243735763 0.01328125 0.017084282460136675
0 0.77265625 0.1252847380410023 0.01640625 0.022779043280182234
0 0.7828125 0.2733485193621868 0.0140625 0.02164009111617312
0 0.7796875 0.37585421412300685 0.0125 0.02050113895216401
0 0.7671875 0.5034168564920274 0.01328125 0.0193621867881549
0 0.7609375 0.643507972665148 0.015625 0.022779043280182234
0 0.7578125 0.7710706150341685 0.01640625 0.022779043280182234
0 0.771875 0.89749430523918 0.01875 0.02733485193621868
0 0.93125 0.9874715261958997 0.01875 0.023917995444191344
0 0.93828125 0.7881548974943052 0.0125 0.018223234624145785
0 0.90859375 0.6378132118451025 0.01953125 0.025056947608200455
0 0.8953125 0.49658314350797267 0.0140625 0.0193621867881549
0 0.890625 0.21298405466970388 0.0140625 0.02050113895216401
0 0.5546875 0.19817767653758542 0.015625 0.025056947608200455
0 0.5859375 0.36560364464692485 0.0140625 0.0193621867881549