0 0.3953125 0.5113895216400911 0.015625 0.02164009111617312
0 0.396875 0.6412300683371298 0.0203125 0.030751708428246014
0 0.40390625 0.784738041002278 0.0109375 0.017084282460136675
0 0.44765625 0.908883826879271 0.0140625 0.0193621867881549
0 0.39375 0.1082004555808656 0.01328125 0.018223234624145785
0 0.51953125 0.19817767653758542 0.0140625 0.0193621867881549
0 0.29296875 0.2460136674259681 0.02109375 0.03189066059225513
0 0.334375 0.29043280182232345 0.0140625 0.02050113895216401
0 0.28359375 0.5159453302961275 0.0125 0.015945330296127564
0 0.290625 0.642369020501139 0.0109375 0.017084282460136675
0 0.32109375 0.7813211845102506 0.01171875 0.0193621867881549
0 0.31328125 0.929384965831435 0.0109375 0.018223234624145785
0 0.39453125 0.8815489749430524 0.01171875 0.0193621867881549
0 0.63984375 0.8462414578587699 0.01328125 0.0193621867881549
0 0.64140625 0.8997722095671982 0.01015625 0.01366742596810934
0 0.5359375 0.9145785876993167 0.01484375 0.02164009111617312
0 0.51640625 0.6867881548974943 0.01171875 0.015945330296127564
0 0.496875 0.46583143507972663 0.01015625 0.015945330296127564
0 0.7453125 0.2539863325740319 0.0140625 0.018223234624145785
0 0.746875 0.37813211845102507 0.01015625 0.015945330296127564
0 0.7796875 0.5034168564920274 0.01484375 0.022779043280182234
0 0.82109375 0.6970387243735763 0.0171875 0.02619589977220957
0 0.72890625 0.8724373576309795 0.01953125 0.02733485193621868
0 0.72109375 0.6879271070615034 0.015625 0.02050113895216401
0 0.13046875 0.7220956719817767 0.01171875 0.0193621867881549
0 0.15703125 0.4020501138952164 0.0125 0.0193621867881549
0 0.146875 0.16287015945330297 0.0125 0.02164009111617312
0 0.1046875 0.32574031890660593 0.01171875 0.018223234624145785
0 0.0890625 0.5660592255125285 0.01015625 0.017084282460136675
0 0.15625 0.6161731207289294 0.009375 0.014806378132118452