0 0.365625 0.44760820045558086 0.01328125 0.0193621867881549
0 0.365625 0.46697038724373574 0.0125 0.017084282460136675
0 0.37578125 0.48291571753986334 0.0140625 0.02050113895216401
0 0.37734375 0.5296127562642369 0.01640625 0.02050113895216401
0 0.3796875 0.5034168564920274 0.0171875 0.023917995444191344
0 0.40859375 0.5091116173120729 0.0140625 0.018223234624145785
0 0.39296875 0.5193621867881549 0.0109375 0.018223234624145785
0 0.36875 0.5558086560364465 0.01328125 0.02050113895216401
0 0.38046875 0.5728929384965832 0.01328125 0.015945330296127564
0 0.40703125 0.571753986332574 0.0109375 0.015945330296127564
0 0.43046875 0.5478359908883826 0.01171875 0.018223234624145785
0 0.4484375 0.541002277904328 0.015625 0.023917995444191344
0 0.44453125 0.49544419134396356 0.01484375 0.018223234624145785
0 0.40546875 0.4407744874715262 0.015625 0.02164009111617312
0 0.40625 0.4646924829157175 0.0140625 0.0193621867881549
0 0.2890625 0.4715261958997722 0.0125 0.014806378132118452
0 0.33671875 0.45671981776765375 0.0140625 0.022779043280182234
0 0.43515625 0.4191343963553531 0.01953125 0.022779043280182234
0 0.40078125 0.39635535307517084 0.01796875 0.02164009111617312
0 0.36484375 0.40660592255125283 0.015625 0.018223234624145785
0 0.37421875 0.42369020501138954 0.0109375 0.015945330296127564
0 0.328125 0.5398633257403189 0.0171875 0.025056947608200455
0 0.3609375 0.5364464692482915 0.015625 0.022779043280182234
0 0.39375 0.5387243735763098 0.01171875 0.017084282460136675
0 0.33359375 0.4328018223234624 0.01484375 0.018223234624145785
0 0.42109375 0.5170842824601367 0.01328125 0.0193621867881549
0 0.3875 0.6047835990888383 0.01328125 0.0193621867881549
0 0.3578125 0.5990888382687927 0.01328125 0.018223234624145785
0 0.353125 0.5558086560364465 0.0109375 0.018223234624145785
0 0.40703125 0.5899772209567198 0.0109375 0.02050113895216401
0 0.43203125 0.6264236902050114 0.02578125 0.03302961275626424
0 0.48828125 0.570615034168565 0.01875 0.025056947608200455
0 0.47890625 0.5136674259681093 0.0203125 0.02733485193621868
0 0.48359375 0.4521640091116173 0.0140625 0.015945330296127564
0 0.52578125 0.48405466970387245 0.01171875 0.015945330296127564
0 0.52578125 0.5478359908883826 0.0140625 0.018223234624145785
0 0.51484375 0.6002277904328018 0.0140625 0.018223234624145785
0 0.53515625 0.5671981776765376 0.01484375 0.023917995444191344
0 0.5390625 0.5193621867881549 0.0125 0.015945330296127564
0 0.553125 0.5182232346241458 0.0125 0.0193621867881549
0 0.55 0.5603644646924829 0.01171875 0.018223234624145785
0 0.55625 0.6002277904328018 0.01171875 0.018223234624145785
0 0.50859375 0.43621867881548976 0.015625 0.029612756264236904
0 0.5390625 0.4510250569476082 0.01484375 0.02050113895216401
0 0.57578125 0.48291571753986334 0.0140625 0.017084282460136675
0 0.58125 0.4510250569476082 0.01171875 0.0193621867881549
0 0.56171875 0.4214123006833713 0.015625 0.02164009111617312
0 0.54609375 0.4043280182232346 0.01328125 0.017084282460136675
0 0.49453125 0.38496583143507973 0.0125 0.015945330296127564
0 0.50859375 0.3940774487471526 0.0109375 0.018223234624145785
0 0.5234375 0.3553530751708428 0.01484375 0.018223234624145785