0 0.49375 0.9931662870159453 0.0140625 0.01366742596810934
0 0.4859375 0.878132118451025 0.01328125 0.022779043280182234
0 0.48359375 0.7437357630979499 0.0140625 0.0193621867881549
0 0.48046875 0.6104783599088838 0.015625 0.02164009111617312
0 0.48125 0.49430523917995445 0.015625 0.023917995444191344
0 0.44296875 0.3621867881548975 0.01875 0.02847380410022779
0 0.4359375 0.20273348519362186 0.015625 0.022779043280182234
0 0.44609375 0.022779043280182234 0.01640625 0.023917995444191344
0 0.4796875 0.09681093394077449 0.01328125 0.0193621867881549
0 0.35625 0.08200455580865604 0.015625 0.02164009111617312
0 0.34609375 0.22209567198177677 0.01484375 0.02050113895216401
0 0.3609375 0.36446469248291574 0.01484375 0.0193621867881549
0 0.3609375 0.5318906605922551 0.01796875 0.02619589977220957
0 0.3609375 0.592255125284738 0.01484375 0.023917995444191344
0 0.371875 0.7380410022779044 0.01640625 0.02164009111617312
0 0.37421875 0.876993166287016 0.0171875 0.023917995444191344
0 0.41953125 0.9009111617312073 0.0140625 0.022779043280182234
0 0.52265625 0.9419134396355353 0.0203125 0.025056947608200455
0 0.5546875 0.7505694760820045 0.015625 0.02164009111617312
0 0.5515625 0.6617312072892938 0.015625 0.025056947608200455
0 0.55234375 0.5170842824601367 0.015625 0.025056947608200455
0 0.54375 0.4293849658314351 0.01640625 0.02619589977220957
0 0.5296875 0.3120728929384966 0.015625 0.023917995444191344
0 0.51015625 0.18337129840546698 0.01328125 0.02050113895216401
0 0.55703125 0.1867881548974943 0.015625 0.023917995444191344
0 0.55546875 0.1082004555808656 0.01953125 0.02847380410022779
0 0.50546875 0.007972665148063782 0.01484375 0.015945330296127564
0 0.55546875 0.029612756264236904 0.01875 0.02619589977220957
0 0.61328125 0.29271070615034167 0.02109375 0.02847380410022779
0 0.6046875 0.3940774487471526 0.01484375 0.02050113895216401