0 0.509375 0.4920273348519362 0.01484375 0.022779043280182234
0 0.51484375 0.5763097949886105 0.0203125 0.02619589977220957
0 0.51171875 0.6685649202733486 0.015625 0.0193621867881549
0 0.496875 0.775626423690205 0.01328125 0.018223234624145785
0 0.509375 0.8712984054669703 0.01328125 0.0193621867881549
0 0.51015625 0.9601366742596811 0.0171875 0.022779043280182234
0 0.4484375 0.9806378132118451 0.01484375 0.018223234624145785
0 0.3703125 0.765375854214123 0.01328125 0.018223234624145785
0 0.37734375 0.6241457858769932 0.0140625 0.02164009111617312
0 0.3796875 0.5216400911161732 0.01640625 0.02164009111617312
0 0.38359375 0.4407744874715262 0.01484375 0.02164009111617312
0 0.38671875 0.3200455580865604 0.015625 0.022779043280182234
0 0.38046875 0.224373576309795 0.01875 0.02619589977220957
0 0.40390625 0.03758542141230068 0.01875 0.029612756264236904
0 0.63046875 0.05239179954441914 0.01484375 0.022779043280182234
0 0.65703125 0.1867881548974943 0.0171875 0.02619589977220957
0 0.72421875 0.21753986332574032 0.01796875 0.023917995444191344
0 0.69140625 0.3052391799544419 0.01875 0.030751708428246014
0 0.69140625 0.38496583143507973 0.01875 0.02619589977220957
0 0.6625 0.47494305239179957 0.015625 0.022779043280182234
0 0.70234375 0.5455580865603644 0.01796875 0.025056947608200455
0 0.7078125 0.6503416856492027 0.01484375 0.02164009111617312
0 0.7828125 0.6879271070615034 0.0140625 0.02164009111617312
0 0.70546875 0.7460136674259681 0.01328125 0.0193621867881549
0 0.70625 0.837129840546697 0.01953125 0.02733485193621868
0 0.69375 0.9259681093394078 0.01640625 0.022779043280182234
0 0.609375 0.9248291571753986 0.0171875 0.025056947608200455
0 0.61015625 0.7927107061503417 0.01328125 0.02050113895216401
0 0.61484375 0.6651480637813212 0.01484375 0.02164009111617312
0 0.6328125 0.4043280182232346 0.01640625 0.023917995444191344