0 0.51875 0.4031890660592255 0.01796875 0.02733485193621868
0 0.5265625 0.8211845102505695 0.0171875 0.023917995444191344
0 0.3828125 0.6594533029612756 0.0203125 0.025056947608200455
0 0.3703125 0.4635535307517084 0.015625 0.02050113895216401
0 0.3734375 0.28929384965831434 0.01328125 0.0193621867881549
0 0.425 0.1480637813211845 0.0125 0.0193621867881549
0 0.61328125 0.11617312072892938 0.01875 0.02619589977220957
0 0.675 0.38838268792710706 0.01328125 0.02164009111617312
0 0.6671875 0.6924829157175398 0.0140625 0.0193621867881549
0 0.66953125 0.929384965831435 0.015625 0.022779043280182234
0 0.12578125 0.765375854214123 0.01875 0.023917995444191344
0 0.11328125 0.60250569476082 0.01328125 0.02164009111617312
0 0.0953125 0.43394077448747154 0.01640625 0.023917995444191344
0 0.09296875 0.21867881548974943 0.01875 0.02733485193621868
0 0.14609375 0.08314350797266515 0.0140625 0.02050113895216401
0 0.0609375 0.05011389521640091 0.02109375 0.03189066059225513
0 0.26328125 0.5876993166287016 0.0140625 0.02050113895216401
0 0.26484375 0.7630979498861048 0.01484375 0.023917995444191344
0 0.259375 0.9350797266514806 0.0140625 0.02050113895216401
0 0.5515625 0.6355353075170843 0.0171875 0.023917995444191344
0 0.55234375 0.5034168564920274 0.01328125 0.02164009111617312
0 0.628125 0.5455580865603644 0.0140625 0.02164009111617312
0 0.5921875 0.2972665148063781 0.015625 0.02164009111617312
0 0.54296875 0.0785876993166287 0.01328125 0.0193621867881549
0 0.45625 0.04441913439635535 0.0125 0.02050113895216401
0 0.8921875 0.8849658314350797 0.0140625 0.022779043280182234
0 0.88515625 0.5876993166287016 0.01328125 0.02050113895216401
0 0.859375 0.30068337129840544 0.01640625 0.023917995444191344
0 0.85078125 0.13895216400911162 0.0140625 0.02050113895216401
0 0.7953125 0.0774487471526196 0.01640625 0.022779043280182234