0 0.46953125 0.4521640091116173 0.01953125 0.02733485193621868
0 0.459375 0.3439635535307517 0.0171875 0.023917995444191344
0 0.45078125 0.19817767653758542 0.0140625 0.02164009111617312
0 0.46953125 0.08314350797266515 0.01328125 0.02050113895216401
0 0.371875 0.5125284738041003 0.0140625 0.025056947608200455
0 0.41875 0.6617312072892938 0.0171875 0.022779043280182234
0 0.4609375 0.7733485193621867 0.01953125 0.02619589977220957
0 0.45546875 0.928246013667426 0.01484375 0.025056947608200455
0 0.36484375 0.8986332574031891 0.02109375 0.02847380410022779
0 0.38359375 0.7528473804100227 0.01796875 0.02733485193621868
0 0.31796875 0.6788154897494305 0.0234375 0.03302961275626424
0 0.32734375 0.4271070615034169 0.015625 0.025056947608200455
0 0.359375 0.2938496583143508 0.01640625 0.029612756264236904
0 0.3609375 0.11275626423690205 0.01796875 0.022779043280182234
0 0.34296875 0.009111617312072893 0.02109375 0.017084282460136675
0 0.809375 0.03758542141230068 0.01796875 0.025056947608200455
0 0.86875 0.0056947608200455585 0.015625 0.010250569476082005
0 0.903125 0.2767653758542141 0.01640625 0.023917995444191344
0 0.83125 0.28929384965831434 0.01484375 0.022779043280182234
0 0.8796875 0.43394077448747154 0.01484375 0.02050113895216401
0 0.89609375 0.5842824601366743 0.0140625 0.02050113895216401
0 0.89609375 0.744874715261959 0.015625 0.02164009111617312
0 0.8984375 0.8792710706150342 0.01875 0.025056947608200455
0 0.80078125 0.8917995444191344 0.01640625 0.02164009111617312
0 0.79453125 0.755125284738041 0.0171875 0.02619589977220957
0 0.828125 0.6571753986332574 0.01640625 0.022779043280182234
0 0.80546875 0.5330296127562643 0.01953125 0.02619589977220957
0 0.77109375 0.42369020501138954 0.0140625 0.0193621867881549