0 0.52734375 0.48291571753986334 0.021875 0.030751708428246014
0 0.46875 0.44533029612756264 0.0140625 0.02164009111617312
0 0.56953125 0.4191343963553531 0.0203125 0.02733485193621868
0 0.6296875 0.47266514806378135 0.015625 0.022779043280182234
0 0.67890625 0.44419134396355353 0.015625 0.022779043280182234
0 0.625 0.5444191343963554 0.01328125 0.02050113895216401
0 0.56796875 0.5785876993166287 0.01796875 0.02733485193621868
0 0.46171875 0.5694760820045558 0.015625 0.023917995444191344
0 0.49765625 0.6013667425968109 0.01328125 0.0193621867881549
0 0.56015625 0.6207289293849658 0.0125 0.0193621867881549
0 0.6046875 0.7266514806378133 0.01328125 0.0193621867881549
0 0.57890625 0.734624145785877 0.01484375 0.022779043280182234
0 0.53203125 0.7277904328018223 0.01640625 0.022779043280182234
0 0.49921875 0.7357630979498861 0.01484375 0.02164009111617312
0 0.4359375 0.7767653758542141 0.01640625 0.022779043280182234
0 0.4671875 0.6571753986332574 0.01640625 0.02733485193621868
0 0.3984375 0.7232346241457859 0.01640625 0.02847380410022779
0 0.39765625 0.28929384965831434 0.01328125 0.02164009111617312
0 0.4828125 0.2984054669703872 0.01875 0.02164009111617312
0 0.56953125 0.22323462414578588 0.01875 0.029612756264236904
0 0.625 0.1776765375854214 0.015625 0.02050113895216401
0 0.61640625 0.23917995444191345 0.015625 0.02050113895216401
0 0.64609375 0.3086560364464693 0.01796875 0.023917995444191344
0 0.6625 0.25626423690205014 0.0140625 0.018223234624145785
0 0.53125 0.07972665148063782 0.01484375 0.022779043280182234
0 0.56328125 0.0056947608200455585 0.01171875 0.011389521640091117
0 0.60703125 0.002277904328018223 0.0125 0.003416856492027335
0 0.6453125 0.007972665148063782 0.01015625 0.014806378132118452
0 0.909375 0.0193621867881549 0.015625 0.02050113895216401
0 0.8578125 0.015945330296127564 0.01640625 0.02164009111617312
0 0.790625 0.2949886104783599 0.01875 0.022779043280182234
0 0.821875 0.17312072892938496 0.01484375 0.02164009111617312
0 0.77890625 0.06150341685649203 0.01640625 0.025056947608200455
0 0.8828125 0.16970387243735763 0.01640625 0.02164009111617312
0 0.88671875 0.296127562642369 0.015625 0.022779043280182234
0 0.8734375 0.36332574031890663 0.0171875 0.02619589977220957
0 0.8640625 0.48405466970387245 0.01640625 0.02164009111617312
0 0.88125 0.5603644646924829 0.01796875 0.023917995444191344
0 0.91484375 0.8075170842824602 0.01953125 0.02619589977220957
0 0.88203125 0.7949886104783599 0.0203125 0.025056947608200455
0 0.79609375 0.7528473804100227 0.01640625 0.029612756264236904
0 0.71484375 0.7482915717539863 0.0234375 0.02733485193621868
0 0.75859375 0.5865603644646925 0.02265625 0.02847380410022779
0 0.83515625 0.6583143507972665 0.0125 0.017084282460136675
0 0.92109375 0.6617312072892938 0.02734375 0.03758542141230068
0 0.215625 0.5546697038724373 0.0140625 0.02733485193621868
0 0.0828125 0.5820045558086561 0.01484375 0.022779043280182234
0 0.06640625 0.6958997722095672 0.0140625 0.017084282460136675
0 0.13828125 0.3211845102505695 0.0234375 0.03302961275626424
0 0.10390625 0.11389521640091116 0.01484375 0.0193621867881549
0 0.1234375 0.05580865603644647 0.021875 0.02733485193621868